wavenumber_cm-1,intensity
400.0,0.014542281942098115
401.0,0.019916502404669034
402.0,0.0076270439773509415
403.0,0.0
404.0,0.0
405.0,0.002707956236084747
406.0,0.0
407.0,0.01973846777452123
408.0,0.0
409.0,0.027593994216451916
410.0,0.004268864294779557
411.0,0.0
412.0,0.0036940516486423953
413.0,0.013478194070425137
414.0,0.029132067850401247
415.0,0.01375792875614839
416.0,0.02024391375320657
417.0,0.0
418.0,0.0
419.0,0.0
420.0,0.0536761540877075
421.0,0.0
422.0,0.02629120358286225
423.0,0.018710237085724196
424.0,0.02139934571396008
425.0,0.0
426.0,0.04729235870860876
427.0,0.0
428.0,0.0
429.0,0.0
430.0,0.005101666421090213
431.0,0.0
432.0,0.0
433.0,0.037799775113302195
434.0,0.0
435.0,0.0
436.0,0.033735971711106975
437.0,0.025981768992301407
438.0,0.0
439.0,0.0
440.0,0.031421171099102876
441.0,0.0
442.0,0.0
443.0,0.0
444.0,0.0
445.0,0.0043862345671382644
446.0,0.026078712286049282
447.0,0.011299708683181756
448.0,0.03791283414065122
449.0,0.03273763276044842
450.0,0.038403158556345116
451.0,0.05190037903996329
452.0,0.00730046678874724
453.0,0.007474717508229716
454.0,0.0
455.0,0.01428408054658022
456.0,0.0
457.0,0.0
458.0,0.0
459.0,0.009808288418645233
460.0,0.0
461.0,0.0033710533324927353
462.0,0.014912386297180476
463.0,0.0
464.0,0.002007152116931917
465.0,0.06064256796173115
466.0,0.022510315592458474
467.0,0.001955399139336624
468.0,0.0408372887765954
469.0,0.0
470.0,0.019582390139053763
471.0,0.015411251233328102
472.0,0.032827463553308726
473.0,0.0
474.0,0.02155005480168531
475.0,0.02233953339807775
476.0,0.0
477.0,0.008055189919327205
478.0,0.04215460718033748
479.0,0.04762287290416187
480.0,0.047947152301681305
481.0,0.05296563084548031
482.0,0.05157410798288284
483.0,0.029975862446979955
484.0,0.07075972757192098
485.0,0.06029706794328888
486.0,0.08031949981698508
487.0,0.1054847746041551
488.0,0.12935347269769287
489.0,0.06986467365528194
490.0,0.09148404486911088
491.0,0.10969627258578014
492.0,0.1042854402326931
493.0,0.11230305796560228
494.0,0.156410535242061
495.0,0.12879724790427136
496.0,0.13763193740990126
497.0,0.13216502399963576
498.0,0.14314469874735292
499.0,0.13225360157373128
500.0,0.10967959024888663
501.0,0.17437897881699643
502.0,0.08266001561377986
503.0,0.12936156554060116
504.0,0.13207163961035656
505.0,0.10805535717018931
506.0,0.07442878797964605
507.0,0.05345535441042798
508.0,0.05129525713524282
509.0,0.05680660082867717
510.0,0.05106811447046813
511.0,0.0075706371185847885
512.0,0.048358493804468966
513.0,0.05621818778218284
514.0,0.045460824422583555
515.0,0.0
516.0,0.0021682913751591886
517.0,0.0
518.0,0.02133153236801195
519.0,0.008307151390490274
520.0,0.0
521.0,0.0
522.0,0.0
523.0,0.0
524.0,0.0
525.0,0.00565361350323632
526.0,0.0
527.0,0.0382768400874437
528.0,0.006855658692904017
529.0,0.0
530.0,0.0
531.0,0.017436562529891515
532.0,0.0
533.0,0.0
534.0,0.0
535.0,0.0
536.0,0.01163280720752571
537.0,0.04416685445720594
538.0,0.0
539.0,0.0
540.0,0.0
541.0,0.02456844303496102
542.0,0.0
543.0,0.028363338143416347
544.0,0.018854795797229578
545.0,0.006704769757241929
546.0,0.0032521025491808178
547.0,0.0
548.0,0.0354970415041874
549.0,0.016040884300005782
550.0,0.0
551.0,0.0
552.0,0.005315079253407941
553.0,0.006060831812880612
554.0,0.014327342825581934
555.0,0.01143727943786256
556.0,0.012843039654789702
557.0,0.0012694379788748753
558.0,0.003986591849432546
559.0,0.00038075428085853355
560.0,0.04179443586274911
561.0,0.0
562.0,0.0
563.0,0.01747546213197076
564.0,0.005921525584366346
565.0,0.03206839528828449
566.0,0.010073849709598678
567.0,0.05160303101886434
568.0,0.015169287867981577
569.0,0.0
570.0,0.010328651777494317
571.0,0.018211082365337184
572.0,0.03132532863035268
573.0,0.0
574.0,0.0
575.0,0.018521113948022885
576.0,0.0
577.0,0.0
578.0,0.003595855691882233
579.0,0.011056113627937375
580.0,0.0
581.0,0.0
582.0,0.04003424107480667
583.0,0.03011667754918882
584.0,0.0
585.0,0.0
586.0,0.0
587.0,0.019816424413962582
588.0,0.006910672131258595
589.0,0.025290989068598353
590.0,0.0
591.0,0.048285318757671426
592.0,0.01905073361122285
593.0,0.0
594.0,0.0
595.0,0.0
596.0,0.0006744584901936299
597.0,0.011820967910748938
598.0,0.01191245460917076
599.0,0.02935125521409073
600.0,0.019990263242244635
601.0,0.0
602.0,0.0
603.0,0.006346851204578324
604.0,0.0
605.0,0.012577275454582749
606.0,0.018171910470626856
607.0,0.039231916008165335
608.0,0.04958730546439233
609.0,0.01535750056571801
610.0,0.0
611.0,0.0
612.0,0.0
613.0,0.01693489224275376
614.0,0.009332933734997221
615.0,0.0
616.0,0.0
617.0,0.0018139091319593745
618.0,0.023288272157676815
619.0,0.005413919373119236
620.0,0.0
621.0,0.015532232429958489
622.0,0.03582664897422476
623.0,0.0
624.0,0.006798091363698314
625.0,0.01716619527780716
626.0,0.0
627.0,0.027444067832776572
628.0,0.0420299559823063
629.0,0.029130908324363915
630.0,0.024810268636279324
631.0,0.04712230728309027
632.0,0.0
633.0,0.0
634.0,0.020781048399242438
635.0,0.0
636.0,0.0
637.0,0.016003969636800612
638.0,0.0
639.0,0.023972925407528572
640.0,0.0
641.0,0.009475944375904212
642.0,0.04410329319562315
643.0,0.0
644.0,0.012473775981023217
645.0,0.006636366291160217
646.0,0.046488492174605295
647.0,0.03971796835513911
648.0,0.009265016514548282
649.0,0.019893757235714096
650.0,0.0
651.0,0.026488147261036807
652.0,0.0
653.0,0.019173373308441877
654.0,0.0
655.0,0.031161151498037384
656.0,0.0
657.0,0.00179652860601909
658.0,0.0
659.0,0.03454275011194597
660.0,0.013154627485414357
661.0,0.020973256880624232
662.0,0.0
663.0,0.0020001448995816623
664.0,0.000724387797406311
665.0,0.013887584689008959
666.0,0.011455515587471717
667.0,0.0
668.0,0.0011201895749177728
669.0,0.0
670.0,0.023262500473492483
671.0,0.0
672.0,0.007656068618007447
673.0,0.0
674.0,0.0
675.0,0.0
676.0,0.0127496348389618
677.0,0.018434260729464857
678.0,0.026766704395907337
679.0,0.0
680.0,0.007641415643791082
681.0,0.0
682.0,0.008523259693956906
683.0,0.003150942554879001
684.0,0.030137677400525916
685.0,0.015459089586325764
686.0,0.0
687.0,0.011344304990976987
688.0,0.0
689.0,0.008112193248180237
690.0,0.027323616994824548
691.0,0.02580982371804245
692.0,0.03258164002791469
693.0,0.018022430800415122
694.0,0.015335216339078039
695.0,0.04073230916010484
696.0,0.0
697.0,0.0
698.0,0.0
699.0,0.02785188194929676
700.0,0.0029162984390635424
701.0,0.0
702.0,0.008147846559414789
703.0,0.0
704.0,0.0004300874356042981
705.0,0.0
706.0,0.021578398755005862
707.0,0.0
708.0,0.0017860665807980733
709.0,0.0
710.0,0.0
711.0,0.0
712.0,0.004345188484996163
713.0,0.0
714.0,0.0069295112550554466
715.0,0.006390430665731768
716.0,0.02014167598322964
717.0,0.04785489736701359
718.0,0.0
719.0,0.0
720.0,0.0
721.0,0.0
722.0,0.0
723.0,0.009104109267114151
724.0,0.0065256474999650866
725.0,0.017243235467359393
726.0,0.022509133113351565
727.0,0.007252204940654593
728.0,0.016189057288631365
729.0,0.0
730.0,0.009145549767998383
731.0,0.022678478228001977
732.0,0.013648516004626802
733.0,0.018465009617090095
734.0,0.03191922092494524
735.0,0.0
736.0,0.035962522194824785
737.0,0.0
738.0,0.0
739.0,0.03641012096246813
740.0,0.0
741.0,0.013535510531858889
742.0,0.0
743.0,0.004069539153556397
744.0,0.015200760297637875
745.0,0.0
746.0,0.002799523474667616
747.0,0.044765832057695076
748.0,0.0021019172213252407
749.0,0.0
750.0,0.0
751.0,0.0
752.0,0.028960144706992704
753.0,0.0
754.0,0.0
755.0,0.0
756.0,0.0
757.0,0.0
758.0,0.007801896649249154
759.0,0.0028757060726129326
760.0,0.010245199623201378
761.0,0.0
762.0,0.0
763.0,0.01638968425165314
764.0,0.0
765.0,0.009495384586253758
766.0,0.0
767.0,0.01190361950346853
768.0,0.029945373161253067
769.0,0.01308191373179206
770.0,0.021696860544972885
771.0,0.04031481855782472
772.0,0.055654424998886814
773.0,0.0
774.0,0.0
775.0,0.01486007945454608
776.0,0.0
777.0,0.011023568080533678
778.0,0.0
779.0,0.037392902063214085
780.0,0.021527158508285894
781.0,0.0
782.0,0.00955426625159247
783.0,0.0
784.0,0.023291419781280572
785.0,0.009425200250770992
786.0,0.014050982829512514
787.0,0.032267406515231994
788.0,0.047775789615236264
789.0,0.01166520387061318
790.0,0.0
791.0,0.008896152100202885
792.0,0.04829031592955724
793.0,0.0
794.0,0.0005727488747353211
795.0,0.01793806068965219
796.0,0.0038409038978081227
797.0,0.0
798.0,0.0
799.0,0.0
800.0,0.018123732218104215
801.0,0.028218350207891745
802.0,0.028709708487344807
803.0,0.0
804.0,0.00802435171301471
805.0,0.0
806.0,0.028719053113558716
807.0,0.0
808.0,0.004222647443814585
809.0,0.010887205343465016
810.0,0.002741868734229268
811.0,0.005122326054342292
812.0,0.0
813.0,0.014398691946665192
814.0,0.023546020318137646
815.0,0.019551952684537226
816.0,0.0
817.0,0.04343982461738824
818.0,0.01607912514704147
819.0,0.0062394016221936945
820.0,0.0
821.0,0.01732410965759745
822.0,0.0
823.0,0.004218665082013218
824.0,0.031597650754846766
825.0,0.0018015172956200496
826.0,0.037874527837616606
827.0,0.03029542824707026
828.0,0.0337529631402966
829.0,0.0
830.0,0.029572563393368233
831.0,0.05972496799116552
832.0,0.007400557346132411
833.0,0.00633395776582623
834.0,0.0
835.0,0.02043204165375068
836.0,0.0
837.0,0.0
838.0,0.0
839.0,0.026995962031141206
840.0,0.03294558277220444
841.0,0.0
842.0,0.04422101718940795
843.0,0.0
844.0,0.0
845.0,0.028104122604303637
846.0,0.03500495227298034
847.0,0.03260198718519025
848.0,0.014466087653833622
849.0,0.0
850.0,0.0
851.0,0.024238740493028373
852.0,0.014521698142673362
853.0,0.0
854.0,0.008086127791781835
855.0,0.0
856.0,0.011053136906471465
857.0,0.027922788209741062
858.0,0.041676161935451095
859.0,0.0
860.0,0.0
861.0,0.004229278603423651
862.0,0.0
863.0,0.007871291772041614
864.0,0.03560223089311167
865.0,0.008858461446514407
866.0,0.029957746910113863
867.0,0.0
868.0,0.0
869.0,0.0
870.0,0.012013389228839835
871.0,0.06161363736347965
872.0,0.0
873.0,0.0
874.0,0.0
875.0,0.0
876.0,0.006285682645177526
877.0,0.008350539169921144
878.0,0.003821688488254743
879.0,0.017401889931920246
880.0,0.03793990502902659
881.0,0.010485687456438322
882.0,0.0
883.0,0.027581218710596805
884.0,0.01322429447963983
885.0,0.0
886.0,0.0
887.0,0.0321875916987182
888.0,0.0
889.0,0.005193277555502059
890.0,0.0
891.0,0.015603901337574081
892.0,0.0014263586688853965
893.0,0.0
894.0,0.0023499630028504357
895.0,0.015498422326046899
896.0,0.0
897.0,0.01111246492835467
898.0,0.0
899.0,0.0
900.0,0.0
901.0,0.033470366249270724
902.0,0.0
903.0,0.0
904.0,0.011882093665666013
905.0,0.0
906.0,0.0
907.0,0.0
908.0,0.0
909.0,0.0
910.0,0.0045713848531957774
911.0,0.002651236154244061
912.0,0.0
913.0,0.0018316805575224187
914.0,0.05392888618428781
915.0,0.0
916.0,0.0
917.0,0.0
918.0,0.0
919.0,0.013208816713600035
920.0,0.015424547624307144
921.0,0.018908125062730208
922.0,0.015519282110708884
923.0,0.01046368571538999
924.0,0.02812803800614328
925.0,0.0
926.0,0.025331624532615855
927.0,0.01591588689060594
928.0,0.004289865606784086
929.0,0.0
930.0,0.0
931.0,0.018622718811272802
932.0,0.030987879922275367
933.0,0.020857508987205318
934.0,0.009870553908538119
935.0,0.0
936.0,0.0003959275587393394
937.0,0.0
938.0,0.014744841610666304
939.0,0.034736570679564635
940.0,0.015267596132825596
941.0,0.0
942.0,0.0
943.0,0.006123176493194036
944.0,0.0077863953838809945
945.0,0.01767661067978683
946.0,0.0
947.0,0.01253602437262127
948.0,0.006251116985246186
949.0,0.0
950.0,0.0
951.0,0.020985712413343176
952.0,0.0
953.0,0.05512313956976501
954.0,0.007333286025624342
955.0,0.025452127141132576
956.0,0.023516653286139506
957.0,0.0031722572690023555
958.0,0.008935962496757389
959.0,0.036201636954904894
960.0,0.0007514330504681984
961.0,0.007795876377571999
962.0,0.025052570641248082
963.0,0.006982545782620654
964.0,0.027442797486018078
965.0,0.0
966.0,0.018359376937791192
967.0,0.0
968.0,0.0
969.0,0.01613636445406461
970.0,0.0
971.0,0.02437227448543215
972.0,0.010202634808047305
973.0,0.00573114158574793
974.0,0.024385205059568392
975.0,0.0
976.0,0.03234658659963638
977.0,0.032981622621043184
978.0,0.007741038866529247
979.0,0.012309719437135661
980.0,0.04278679587471738
981.0,0.06390850565108161
982.0,0.035237011759349776
983.0,0.07981210411556125
984.0,0.07717909037875802
985.0,0.06431126724065808
986.0,0.09561011151985753
987.0,0.22996831248799907
988.0,0.15779374296392654
989.0,0.18265197610975967
990.0,0.22510065378220528
991.0,0.27249309005866107
992.0,0.29003452337012553
993.0,0.3070987875040829
994.0,0.3887710595509803
995.0,0.40739006138594713
996.0,0.42269659954112554
997.0,0.5378325699099242
998.0,0.5823311396080245
999.0,0.6189346362199513
1000.0,0.6886803008994254
1001.0,0.7501351352290825
1002.0,0.7950133776057333
1003.0,0.7928536275412149
1004.0,0.9164617178077602
1005.0,0.8740140022590274
1006.0,0.9275830305084689
1007.0,0.9849478255058527
1008.0,0.9756659571385798
1009.0,1.0
1010.0,0.9708893874202253
1011.0,0.9705119568170048
1012.0,0.952831505691018
1013.0,0.9567937074111619
1014.0,0.9201186843627599
1015.0,0.7766130627128021
1016.0,0.8109404409530896
1017.0,0.7110974479658636
1018.0,0.678252588052016
1019.0,0.5995171576796732
1020.0,0.5984556312246421
1021.0,0.5296651126425713
1022.0,0.5251511568008862
1023.0,0.4343818411568844
1024.0,0.36741187349810783
1025.0,0.3129746163050346
1026.0,0.2574472340147669
1027.0,0.254176113731075
1028.0,0.20085694403152
1029.0,0.18553387673042285
1030.0,0.14968865208366572
1031.0,0.11474783180706173
1032.0,0.10427363607230636
1033.0,0.07861505209730245
1034.0,0.08115554404456247
1035.0,0.03723006246564744
1036.0,0.06425018372128355
1037.0,0.03270682643052281
1038.0,0.06432170192435496
1039.0,0.03053440061712156
1040.0,0.04388102269705218
1041.0,0.02990701064390469
1042.0,0.0025562455209747347
1043.0,0.0004099057894849324
1044.0,0.050919861659160064
1045.0,0.017272107609331906
1046.0,0.022596861194728257
1047.0,0.0
1048.0,0.017637504622469585
1049.0,0.0
1050.0,0.0
1051.0,0.0067039419230226095
1052.0,0.0
1053.0,0.0
1054.0,0.018068847410368006
1055.0,0.01975180101280887
1056.0,0.01593202736618922
1057.0,0.02179754403317336
1058.0,0.027493117660740887
1059.0,0.0
1060.0,0.0
1061.0,0.005833039202558365
1062.0,0.007093751772861272
1063.0,0.010172458676191837
1064.0,0.0
1065.0,0.0
1066.0,0.0
1067.0,0.023188543454659503
1068.0,0.0
1069.0,0.05741040346393029
1070.0,0.0
1071.0,0.024568570716400284
1072.0,0.04322490716472645
1073.0,0.0
1074.0,0.02839008203748395
1075.0,0.0
1076.0,0.03507026073704267
1077.0,0.03419035773361258
1078.0,0.0
1079.0,0.005176934902522306
1080.0,0.0030238386467672943
1081.0,0.04309249332681883
1082.0,0.0
1083.0,0.0
1084.0,0.0
1085.0,0.0363426327630542
1086.0,0.034015875340593776
1087.0,0.0
1088.0,0.033410363702826
1089.0,0.023913762568447097
1090.0,0.035108359367867666
1091.0,0.004574108184759036
1092.0,0.030513488868849387
1093.0,0.06983817273869193
1094.0,0.005761531046824543
1095.0,0.028925309809539786
1096.0,0.0
1097.0,0.014154372200962197
1098.0,0.011746874015610954
1099.0,0.02290822760110314
1100.0,0.003014800377417589
1101.0,0.0
1102.0,0.05889097200974391
1103.0,0.07068823918480253
1104.0,0.05764270953000743
1105.0,0.09064474560692877
1106.0,0.10472118153437356
1107.0,0.0892320111468878
1108.0,0.04934327938486027
1109.0,0.12075730970472068
1110.0,0.0928311473484658
1111.0,0.13295457342792913
1112.0,0.12171200088330145
1113.0,0.16249603543155738
1114.0,0.15846971205110677
1115.0,0.15724562172099427
1116.0,0.20956680564439367
1117.0,0.25815827605783215
1118.0,0.2519133635403712
1119.0,0.24146043829910188
1120.0,0.3113279726644089
1121.0,0.3205586774465871
1122.0,0.35392792261240946
1123.0,0.3411399306579883
1124.0,0.37611878663937537
1125.0,0.469800776766691
1126.0,0.41777033758578014
1127.0,0.4784814206278667
1128.0,0.48887791413481224
1129.0,0.47655629557603396
1130.0,0.4936824904665856
1131.0,0.4791152605321614
1132.0,0.4950091211634313
1133.0,0.5219911883850994
1134.0,0.4736977521603887
1135.0,0.5151168747617708
1136.0,0.5169787013313243
1137.0,0.4391490031270265
1138.0,0.4773219687068188
1139.0,0.5268859454089928
1140.0,0.4388600008654442
1141.0,0.453853098388579
1142.0,0.36541578320708185
1143.0,0.4043314052800529
1144.0,0.4453426293408099
1145.0,0.33917648711168324
1146.0,0.3671265694606172
1147.0,0.30916611787251086
1148.0,0.29750597176054755
1149.0,0.27826522941622656
1150.0,0.24168897161851205
1151.0,0.2554113988608385
1152.0,0.19684228216879174
1153.0,0.1774790172300518
1154.0,0.143271030963724
1155.0,0.10346557701746988
1156.0,0.08158399747985018
1157.0,0.09562333956977392
1158.0,0.10169160208136956
1159.0,0.08289849886630858
1160.0,0.08864270566743063
1161.0,0.07590576012067285
1162.0,0.04989162182801121
1163.0,0.03914219787514618
1164.0,0.0324559282225459
1165.0,0.02594940670878402
1166.0,0.023053868152885626
1167.0,0.024337183556023483
1168.0,0.018086640290879342
1169.0,0.0248027986789728
1170.0,0.025691319692178954
1171.0,0.01853009481747723
1172.0,0.08449051170416438
1173.0,0.0
1174.0,0.0
1175.0,0.03295244382250508
1176.0,0.0
1177.0,0.0
1178.0,0.0
1179.0,0.02700774979688446
1180.0,0.033713107275503314
1181.0,0.018172650190879734
1182.0,0.0
1183.0,0.0
1184.0,0.04711469426017817
1185.0,0.005634964773257183
1186.0,0.0
1187.0,0.0
1188.0,0.0003919452334407125
1189.0,0.0
1190.0,0.0
1191.0,0.0
1192.0,0.010096429787351596
1193.0,0.004394847777660619
1194.0,0.019153418203509992
1195.0,0.010557103453530083
1196.0,0.013340446117010704
1197.0,0.005119513426942291
1198.0,0.0
1199.0,0.039156805347687694
1200.0,0.0
1201.0,0.0
1202.0,0.0
1203.0,0.0
1204.0,0.0
1205.0,0.01757937783074577
1206.0,0.009311579365062323
1207.0,0.023205214452445354
1208.0,0.030889203761017416
1209.0,0.002284005724881931
1210.0,0.019101349154665662
1211.0,0.0
1212.0,0.019773422268542538
1213.0,0.0
1214.0,0.03249223648992965
1215.0,0.0
1216.0,0.0
1217.0,0.0123609291072741
1218.0,0.0
1219.0,0.024163393778025868
1220.0,0.0
1221.0,0.004976601744960347
1222.0,0.016119442788588415
1223.0,0.05361040808316531
1224.0,0.030308312538077482
1225.0,0.01728275754340443
1226.0,0.028162622263605334
1227.0,0.0
1228.0,0.0
1229.0,0.0
1230.0,0.003389748036593102
1231.0,0.016737003594584247
1232.0,0.0
1233.0,0.0
1234.0,0.0
1235.0,0.01993360249657712
1236.0,0.0
1237.0,0.012905376590562123
1238.0,0.0
1239.0,0.02666260916792508
1240.0,0.0
1241.0,0.0
1242.0,0.00015402550473440942
1243.0,0.0
1244.0,0.009256219419661144
1245.0,0.004528948729534805
1246.0,0.0
1247.0,0.053912142302335306
1248.0,0.0
1249.0,0.012109344201839812
1250.0,0.04311001052781887
1251.0,0.0
1252.0,0.0
1253.0,0.0003147838476348887
1254.0,0.0
1255.0,0.03335963307552294
1256.0,0.004410175218895348
1257.0,0.020357348384345265
1258.0,0.0
1259.0,0.007416977780711014
1260.0,0.017452200544517366
1261.0,0.0
1262.0,0.0
1263.0,0.0
1264.0,0.026607520191165423
1265.0,0.0
1266.0,0.0
1267.0,0.0
1268.0,0.0
1269.0,0.008023089221610095
1270.0,0.032545720275396775
1271.0,0.0
1272.0,0.018320902861023395
1273.0,0.0
1274.0,0.04383590129647029
1275.0,0.01734722857863901
1276.0,0.0
1277.0,0.07979720765902466
1278.0,0.0
1279.0,0.032972099521080704
1280.0,0.0
1281.0,0.01781038498971043
1282.0,0.03183973524603778
1283.0,0.0
1284.0,0.0
1285.0,0.0
1286.0,0.03735650677536798
1287.0,0.0
1288.0,0.01597234369221003
1289.0,0.013374729121053315
1290.0,0.0
1291.0,0.01166708059824725
1292.0,0.0
1293.0,0.010300285067773357
1294.0,0.0372070781823415
1295.0,0.015719810806759153
1296.0,0.015206041138555748
1297.0,0.0
1298.0,0.01446232334212054
1299.0,0.002479897659711891
1300.0,0.0031494706401547575
1301.0,0.0
1302.0,0.045602933679387746
1303.0,0.03439457972786262
1304.0,0.04821053691322817
1305.0,0.033470533520602586
1306.0,0.0074409235466587715
1307.0,0.022335241053988826
1308.0,0.0373421669518608
1309.0,0.020961637172102435
1310.0,0.0
1311.0,0.0
1312.0,0.007529205789063404
1313.0,0.010360592505039208
1314.0,0.0
1315.0,0.0
1316.0,0.020726348871400402
1317.0,0.0
1318.0,0.018714412274329517
1319.0,0.0
1320.0,0.020356367176214245
1321.0,0.0
1322.0,0.03298213837187724
1323.0,0.017995791033176212
1324.0,0.05875554685747297
1325.0,0.0
1326.0,0.003469148777992875
1327.0,0.0
1328.0,0.0
1329.0,0.0
1330.0,0.024666785444068202
1331.0,0.0
1332.0,0.0045007934417586794
1333.0,0.0
1334.0,0.002940570050307094
1335.0,0.0
1336.0,0.009470618775802152
1337.0,0.0
1338.0,0.029109219316277874
1339.0,0.015040887554667528
1340.0,0.0
1341.0,0.02035770736852908
1342.0,0.0
1343.0,0.03130915580825289
1344.0,0.0
1345.0,0.03152793072190635
1346.0,0.04689959638744951
1347.0,0.024406488535916968
1348.0,0.01886703706194131
1349.0,0.014241386306888244
1350.0,0.0
1351.0,0.0
1352.0,0.018810529470014402
1353.0,0.006189552695026664
1354.0,0.0
1355.0,0.021180793191175155
1356.0,0.0
1357.0,0.0038540237664235867
1358.0,0.029200470447194597
1359.0,0.0033461775311112614
1360.0,0.00796979543492984
1361.0,0.0
1362.0,0.03865318623577008
1363.0,0.01860012106526944
1364.0,0.0
1365.0,0.028484153934479964
1366.0,0.004451058816402163
1367.0,0.018589253416673075
1368.0,0.020899883261112757
1369.0,0.024728798244566766
1370.0,0.0
1371.0,0.0
1372.0,0.0
1373.0,0.02040316518769595
1374.0,0.01150733021306736
1375.0,0.0
1376.0,0.032685957602858126
1377.0,0.015595238975391959
1378.0,0.007685100335457916
1379.0,0.0
1380.0,0.014836024906687107
1381.0,0.0016052110678777788
1382.0,0.01870352143215991
1383.0,0.016295578208304094
1384.0,0.015497763132960161
1385.0,0.03560840467608155
1386.0,0.011039172020803196
1387.0,0.012072839126820093
1388.0,0.0
1389.0,0.027069716570167254
1390.0,0.0
1391.0,0.0
1392.0,0.015921238391787322
1393.0,0.0016617582999909767
1394.0,0.035724288248814545
1395.0,0.05124483754098908
1396.0,0.0072597208588501385
1397.0,0.03009118105395916
1398.0,0.0
1399.0,0.0
1400.0,0.0371965908036909
1401.0,0.06694180992113095
1402.0,0.0008430454456005868
1403.0,0.01039536682844586
1404.0,0.003038283647041621
1405.0,0.0
1406.0,0.0
1407.0,0.02009611427909499
1408.0,0.012437944840856714
1409.0,0.0
1410.0,0.026667130004125912
1411.0,0.019105470780728016
1412.0,0.0
1413.0,0.01237970386217933
1414.0,0.0
1415.0,0.009620656416277495
1416.0,0.0
1417.0,0.0
1418.0,0.0
1419.0,0.027411417635621115
1420.0,0.008477543201742047
1421.0,0.04800949391182373
1422.0,0.027843394504916578
1423.0,0.0031924350204456434
1424.0,0.022173023412502997
1425.0,0.0
1426.0,0.014351733596582901
1427.0,0.0
1428.0,0.02391531274128562
1429.0,0.04161185479044827
1430.0,0.0
1431.0,0.013450951852108787
1432.0,0.02411962287271997
1433.0,0.009822858198256205
1434.0,0.00909902127502296
1435.0,0.0014794629544825867
1436.0,0.009061315417699028
1437.0,0.03517597365488265
1438.0,0.02363338216877637
1439.0,0.022891038838303
1440.0,0.0014249654829384367
1441.0,0.029883142274177522
1442.0,0.042612404326008484
1443.0,0.0
1444.0,0.005124347921239978
1445.0,0.0
1446.0,0.011995508240249572
1447.0,0.007843970572854535
1448.0,0.03863383553729045
1449.0,0.0
1450.0,0.005327646871052396
1451.0,0.0
1452.0,0.003121531092125726
1453.0,0.02353536979991542
1454.0,0.006031387252600613
1455.0,0.0
1456.0,0.030954157996071787
1457.0,0.030948407567729843
1458.0,0.023658719475173853
1459.0,0.0
1460.0,0.0017415320826278727
1461.0,0.0371616802052032
1462.0,0.010092765832362672
1463.0,0.0016718555153332412
1464.0,0.0
1465.0,0.0
1466.0,0.0007418436985985401
1467.0,0.0
1468.0,0.0005795881152552466
1469.0,0.02102667203670024
1470.0,0.021705416577169588
1471.0,0.0069029442931034645
1472.0,0.0
1473.0,0.0
1474.0,0.0155475444268425
1475.0,0.0
1476.0,0.01585484616009066
1477.0,0.037274879555296604
1478.0,0.02961107296471105
1479.0,0.02117136787594523
1480.0,0.0
1481.0,0.0
1482.0,0.0025149817616220253
1483.0,0.0
1484.0,0.02422189256752183
1485.0,0.03567184696895477
1486.0,0.031114414863528946
1487.0,0.01585028524419154
1488.0,0.05682454991686126
1489.0,0.0
1490.0,0.005064221285562785
1491.0,0.0
1492.0,0.028402345334911306
1493.0,0.0035147276951373956
1494.0,0.009262845046787585
1495.0,0.049544052335396736
1496.0,0.00989190800989627
1497.0,0.0
1498.0,0.0
1499.0,0.015731659416167817
1500.0,0.015522156879525807
1501.0,0.011829654595742565
1502.0,0.0
1503.0,0.02402151554071948
1504.0,0.0
1505.0,0.0
1506.0,0.014559170090007872
1507.0,0.03896298870909522
1508.0,0.0
1509.0,0.0019144012965572979
1510.0,0.016910899438872962
1511.0,0.026935022029040884
1512.0,0.016266267103353424
1513.0,0.05512402808229503
1514.0,0.023016036333165547
1515.0,0.02108584709265003
1516.0,0.015271966563610939
1517.0,0.0
1518.0,0.02046977057872647
1519.0,0.030141147766331807
1520.0,0.03919228118863997
1521.0,0.007737537623187415
1522.0,0.0
1523.0,0.036464851355100185
1524.0,0.0
1525.0,0.0
1526.0,0.05099447289264119
1527.0,0.003445037378633191
1528.0,0.04830480931962309
1529.0,0.004415729278654709
1530.0,0.017614906190993915
1531.0,0.011904750749266859
1532.0,0.00931187489764368
1533.0,0.03758019333554586
1534.0,0.0
1535.0,0.028975214646658573
1536.0,0.0
1537.0,0.028930797557411323
1538.0,0.024033850242302778
1539.0,0.036683054355981466
1540.0,0.0035639789721835105
1541.0,0.01788502877627024
1542.0,0.04116334632607083
1543.0,0.017071437640332827
1544.0,0.0
1545.0,0.0
1546.0,0.0
1547.0,0.031130806946011138
1548.0,0.03387378267945016
1549.0,0.0
1550.0,0.026440335743723713
1551.0,0.0031902751770500333
1552.0,0.018510168581090034
1553.0,0.0
1554.0,0.0
1555.0,0.0
1556.0,0.0
1557.0,0.0
1558.0,0.011092987641434921
1559.0,0.029379407514772738
1560.0,0.0005076096480186437
1561.0,0.05013207083087122
1562.0,0.04808544771230095
1563.0,0.0
1564.0,0.005262687509850802
1565.0,0.016646344602555953
1566.0,0.03223321327727565
1567.0,0.0
1568.0,0.0
1569.0,0.03235043645913586
1570.0,0.0
1571.0,0.0
1572.0,0.0
1573.0,0.031863058175992456
1574.0,0.025458979642614378
1575.0,0.03219885038451511
1576.0,0.017162946555099267
1577.0,0.0
1578.0,0.010560383335411807
1579.0,0.01586988248914891
1580.0,0.04143014352856718
1581.0,0.02320915506467349
1582.0,0.0
1583.0,0.0010667997412459706
1584.0,0.0
1585.0,0.0
1586.0,0.03945634824995306
1587.0,0.0
1588.0,0.019060931070528864
1589.0,0.05068547643287677
1590.0,0.0
1591.0,0.03530297360248905
1592.0,0.0
1593.0,0.0029440588678095324
1594.0,0.0
1595.0,0.017256688932407747
1596.0,0.009754336038241006
1597.0,0.03031310390405921
1598.0,0.0
1599.0,0.0
1600.0,0.0
1601.0,0.006633414840798768
1602.0,0.0140937280326247
1603.0,0.010088569147281654
1604.0,0.0
1605.0,0.0
1606.0,0.0
1607.0,0.0
1608.0,0.0
1609.0,0.035040375579918744
1610.0,0.0010121907043004878
1611.0,0.0
1612.0,0.0
1613.0,0.030494111641158634
1614.0,0.03085292953941683
1615.0,0.007304980427329636
1616.0,0.011656692348074642
1617.0,0.0
1618.0,0.0
1619.0,0.00890974951787019
1620.0,0.012278933614305624
1621.0,0.015252351515401705
1622.0,0.0
1623.0,0.0
1624.0,0.0
1625.0,0.0
1626.0,0.02156986745476963
1627.0,0.01065866520002024
1628.0,0.048827423698737535
1629.0,0.0
1630.0,0.009487793332316363
1631.0,0.0
1632.0,0.0
1633.0,0.008499839386966706
1634.0,0.0
1635.0,0.0
1636.0,0.0028176606570571527
1637.0,0.020433108627008794
1638.0,0.0
1639.0,0.024180978675442374
1640.0,0.0
1641.0,0.0
1642.0,0.03760633834624048
1643.0,0.0
1644.0,0.0
1645.0,0.004725537571306373
1646.0,0.06468331201028672
1647.0,0.01714548735238238
1648.0,0.01666732628571865
1649.0,0.0
1650.0,0.035247282937701775
1651.0,0.0
1652.0,0.01777676039016868
1653.0,0.046749483284361334
1654.0,0.0
1655.0,0.015993738352224656
1656.0,0.0008068145864250895
1657.0,0.0
1658.0,0.03982194687654631
1659.0,0.0
1660.0,0.0
1661.0,0.03125230930154535
1662.0,0.0
1663.0,0.0016147958851760015
1664.0,0.0
1665.0,0.0
1666.0,0.0
1667.0,0.0
1668.0,0.03228421857109717
1669.0,0.0
1670.0,0.01499671861615831
1671.0,0.0
1672.0,0.029454156927225146
1673.0,0.026130699177404945
1674.0,0.021979177016803866
1675.0,0.0046746406582162696
1676.0,0.01444526982928581
1677.0,0.0
1678.0,0.04608717105460535
1679.0,0.0238155489520053
1680.0,0.0031393126616508426
1681.0,0.0
1682.0,0.014759921947132479
1683.0,0.0
1684.0,0.0
1685.0,0.0
1686.0,0.0
1687.0,0.0
1688.0,0.0
1689.0,0.02629100765693963
1690.0,0.04494115246060807
1691.0,0.04294649786063845
1692.0,0.005420191648313773
1693.0,0.0
1694.0,0.0
1695.0,0.0
1696.0,0.0
1697.0,0.0
1698.0,0.010248674609162794
1699.0,0.014933611974096126
1700.0,0.013934540460355343
1701.0,0.0
1702.0,0.0
1703.0,0.01741935531717012
1704.0,0.0
1705.0,0.0
1706.0,0.0
1707.0,0.008879277240633515
1708.0,0.0008014755908875239
1709.0,0.025943005967903155
1710.0,0.0378114801107066
1711.0,0.0043135579449723035
1712.0,0.04767195504166094
1713.0,0.028778257481404758
1714.0,0.0
1715.0,0.0
1716.0,0.0299630178479719
1717.0,0.046894506065216286
1718.0,0.0
1719.0,0.027225705187578626
1720.0,0.029512543600189595
1721.0,0.04433797753662808
1722.0,0.0
1723.0,0.03210422274363297
1724.0,0.0040315691610174976
1725.0,0.0
1726.0,0.00686764111960282
1727.0,0.0
1728.0,0.02738386014542953
1729.0,0.02142742164325157
1730.0,0.0
1731.0,0.0
1732.0,0.0
1733.0,0.013400736491024351
1734.0,0.0
1735.0,0.010543744168170409
1736.0,0.0
1737.0,0.00535591412006986
1738.0,0.0027303048113293538
1739.0,0.02966122444985092
1740.0,0.0647930725002671
1741.0,0.007104067000089549
1742.0,0.0
1743.0,0.02273742741213205
1744.0,0.0
1745.0,0.0
1746.0,0.0
1747.0,0.017416381450156698
1748.0,0.019339613844376095
1749.0,0.019681735424702328
1750.0,0.03615511389922748
1751.0,0.002752479868740462
1752.0,0.0
1753.0,0.0
1754.0,0.016080135763211812
1755.0,0.042719069747934546
1756.0,0.050144408858179654
1757.0,0.0466288005618296
1758.0,0.024645776106590387
1759.0,0.009933182333200076
1760.0,0.0034823212941737423
1761.0,0.0
1762.0,0.05286747112982453
1763.0,0.0
1764.0,0.0
1765.0,0.011402562506140516
1766.0,0.0
1767.0,0.027232925721127687
1768.0,0.009812629805938706
1769.0,0.0
1770.0,0.012842874076289569
1771.0,0.0031604183191595832
1772.0,0.002295297428866936
1773.0,0.014174039939334188
1774.0,0.0
1775.0,0.015086452640207066
1776.0,0.01201158924293608
1777.0,0.006698861526435969
1778.0,0.01581542427801448
1779.0,0.024834509085976893
1780.0,0.03511072092901791
1781.0,0.0
1782.0,0.008247847990409608
1783.0,0.0
1784.0,0.0
1785.0,0.0
1786.0,0.029424909732302815
1787.0,0.0
1788.0,0.008634958687978166
1789.0,0.0
1790.0,0.013184421530430363
1791.0,0.0
1792.0,0.013957011830804738
1793.0,0.012766486304118882
1794.0,0.0
1795.0,0.0
1796.0,0.029970665363180174
1797.0,0.03098424197553417
1798.0,0.0
1799.0,0.02076356670267031
1800.0,0.029944960421754013
1801.0,0.012849142505195608
1802.0,0.00454881965616761
1803.0,0.0
1804.0,0.009431419712852607
1805.0,0.0
1806.0,0.0
1807.0,0.007389541959644513
1808.0,0.0
1809.0,0.00712371887382117
1810.0,0.0
1811.0,0.0
1812.0,0.0
1813.0,0.022893791526069168
1814.0,0.03199093241106216
1815.0,0.011925791859439365
1816.0,0.006526128981498965
1817.0,0.013898985900432714
1818.0,0.012519749168075448
1819.0,0.0
1820.0,0.02372464205620049
1821.0,0.02953614106333207
1822.0,0.035243486899044094
1823.0,0.0
1824.0,0.0022505541237223094
1825.0,0.009703750570171423
1826.0,0.02749574155699309
1827.0,0.010869334384354138
1828.0,0.014476355439931872
1829.0,0.024582351861793923
1830.0,0.0
1831.0,0.0
1832.0,0.0
1833.0,0.020107603614435525
1834.0,0.026939186028174397
1835.0,0.0
1836.0,0.016073679482506414
1837.0,0.0
1838.0,0.0
1839.0,0.0
1840.0,0.0
1841.0,0.0
1842.0,0.0038024669220015055
1843.0,0.025908215621865734
1844.0,0.0025320552675929544
1845.0,0.025528548737949713
1846.0,0.0020618090745610136
1847.0,0.0
1848.0,0.0
1849.0,0.02299534372748754
1850.0,0.003500657112654778
1851.0,0.0006062027976182151
1852.0,0.036903730583390144
1853.0,0.0
1854.0,0.022413517389946125
1855.0,0.06716834749114509
1856.0,0.0052144401151569845
1857.0,0.024340068963838186
1858.0,0.022752286994463647
1859.0,0.011307839457520851
1860.0,0.020769400852109644
1861.0,0.0
1862.0,0.01805137282872159
1863.0,0.0
1864.0,0.0
1865.0,0.018128955906123304
1866.0,0.0
1867.0,0.0
1868.0,0.005942823357974499
1869.0,0.0
1870.0,0.0
1871.0,0.0
1872.0,0.005161154604673238
1873.0,0.021184200559793198
1874.0,0.010526936435001097
1875.0,0.0033130039173012568
1876.0,0.0
1877.0,0.0014199685964396333
1878.0,0.0
1879.0,0.0
1880.0,0.0
1881.0,0.008203125280992284
1882.0,0.04711602253549907
1883.0,0.0
1884.0,0.028602221473691826
1885.0,0.020465770662455193
1886.0,0.01522094377761051
1887.0,0.043531982320359715
1888.0,0.053526953364854246
1889.0,0.01604605285781314
1890.0,0.0038130017427680384
1891.0,0.0
1892.0,0.0
1893.0,0.002289224715368753
1894.0,0.04415303068887445
1895.0,0.02225608564869636
1896.0,0.007497708632390133
1897.0,0.0
1898.0,0.02825734636750932
1899.0,0.019307376425564633
1900.0,0.02616926698411869
1901.0,0.0030718454037314646
1902.0,0.034388657146696026
1903.0,0.010549641888630317
1904.0,0.0376723797995058
1905.0,0.010109972913736685
1906.0,0.0
1907.0,0.0
1908.0,0.02173541625753431
1909.0,0.0
1910.0,0.008119411560096084
1911.0,0.0
1912.0,0.012032581889205272
1913.0,0.0
1914.0,0.026192585225666795
1915.0,0.011286437069579955
1916.0,0.0
1917.0,0.02035020276289968
1918.0,0.0
1919.0,0.010867862975008628
1920.0,0.0
1921.0,0.008136066778220869
1922.0,0.0034662341350440084
1923.0,0.0
1924.0,0.0
1925.0,0.020455164457961566
1926.0,0.014634093009676353
1927.0,0.0020500735293835647
1928.0,0.0
1929.0,0.0
1930.0,0.00658719907828911
1931.0,0.0
1932.0,0.021121697419847457
1933.0,0.0
1934.0,0.0
1935.0,0.0
1936.0,0.026473984914919778
1937.0,0.0
1938.0,0.01244374725433705
1939.0,0.02222709438883697
1940.0,0.018557853001548396
1941.0,0.025288703734976107
1942.0,0.003100527574854511
1943.0,0.013097203056955392
1944.0,0.002383169468273331
1945.0,0.013295298270267587
1946.0,0.00041494974805826064
1947.0,0.021855287526273654
1948.0,0.030026545591020155
1949.0,0.02327940493647945
1950.0,0.0
1951.0,0.0016115005108894994
1952.0,0.04227467853543846
1953.0,0.0
1954.0,0.0
1955.0,0.0
1956.0,0.0
1957.0,0.00790147252515731
1958.0,0.01074452953759365
1959.0,0.0
1960.0,0.0
1961.0,0.0
1962.0,0.0
1963.0,0.011225484884212987
1964.0,0.0
1965.0,0.00878267176400567
1966.0,0.0
1967.0,0.0
1968.0,0.002108551281650371
1969.0,0.0
1970.0,0.0
1971.0,0.008757698343503125
1972.0,0.007475883305689944
1973.0,0.0
1974.0,0.0011330862739172538
1975.0,0.03850575266717862
1976.0,0.014752665007768727
1977.0,0.045185576866630016
1978.0,0.0010189756438729893
1979.0,0.018902452983318586
1980.0,0.025880128108743815
1981.0,0.032514558823760115
1982.0,0.012604112476830494
1983.0,0.0
1984.0,0.0
1985.0,0.04201652563813534
1986.0,0.0
1987.0,0.0
1988.0,0.0
1989.0,0.021507883941549608
1990.0,0.0084168054542703
1991.0,0.04837321440008357
1992.0,0.0
1993.0,0.0022980841991571393
1994.0,0.0008748234503635547
1995.0,0.0
1996.0,0.03467743760224121
1997.0,0.0
1998.0,0.027343219508631382
1999.0,0.04858573373858383
2000.0,0.002819176550229723
2001.0,0.0
2002.0,0.029231416667709283
2003.0,0.0
2004.0,0.0417067628044042
2005.0,0.015008656153187317
2006.0,0.002640963299685095
2007.0,0.0
2008.0,0.0
2009.0,0.027846486700770903
2010.0,0.0
2011.0,0.007500760621328742
2012.0,0.0
2013.0,0.022389716957836283
2014.0,0.0
2015.0,0.0
2016.0,0.027326188527172335
2017.0,0.01720445650177959
2018.0,0.0
2019.0,0.004342320784547162
2020.0,0.00883819971251214
2021.0,0.008116711020695713
2022.0,0.032448862176476294
2023.0,0.0
2024.0,0.01596845485715799
2025.0,0.0
2026.0,0.0
2027.0,0.03163422074565799
2028.0,0.008076762871230625
2029.0,0.0
2030.0,0.0
2031.0,0.0
2032.0,0.04590875832431383
2033.0,0.019370850272382886
2034.0,0.01506755723478934
2035.0,0.024797697337811484
2036.0,0.006229530220908399
2037.0,0.014028503718550685
2038.0,0.0
2039.0,0.0
2040.0,0.06519598747269084
2041.0,0.012238478472365664
2042.0,0.0
2043.0,0.007761092607004518
2044.0,0.006242295434391843
2045.0,0.0
2046.0,0.0
2047.0,0.0
2048.0,0.005825498030889872
2049.0,0.010084145629544752
2050.0,0.0
2051.0,0.02217751865271125
2052.0,0.014041745669749738
2053.0,0.0
2054.0,0.023486088110942886
2055.0,3.603324285402402e-05
2056.0,0.038892514638483075
2057.0,0.036497970773005255
2058.0,0.005942863086971998
2059.0,0.010637014303757094
2060.0,0.0
2061.0,0.003701514486064271
2062.0,0.005048467239948687
2063.0,0.00648743616386404
2064.0,0.0
2065.0,0.0
2066.0,0.010286097095194426
2067.0,0.0
2068.0,0.0
2069.0,0.0
2070.0,0.0
2071.0,0.018127202281725593
2072.0,0.0009102103125482152
2073.0,0.0
2074.0,0.012262419222457868
2075.0,0.0
2076.0,0.0
2077.0,0.0036643947078387074
2078.0,0.033601311201885156
2079.0,0.04987818410757052
2080.0,0.0663878380686444
2081.0,0.0
2082.0,0.01463931068463002
2083.0,0.0
2084.0,0.024935288072222752
2085.0,0.0
2086.0,0.030044889648069565
2087.0,0.012485430402572969
2088.0,0.01690637076327813
2089.0,0.0
2090.0,0.02758497413924284
2091.0,0.019729035336047158
2092.0,0.0061770203595095914
2093.0,0.0
2094.0,0.0
2095.0,0.0
2096.0,0.018608225361750892
2097.0,0.0
2098.0,0.021019448462751233
2099.0,0.0013896454345239868
2100.0,0.06480472783364598
2101.0,0.015268201294476362
2102.0,0.02910949740573882
2103.0,0.0038898688904638475
2104.0,0.012756863553971381
2105.0,0.013700906118584268
2106.0,0.011992011959743113
2107.0,0.023278001496612577
2108.0,0.008409305290191339
2109.0,0.0015349381976013485
2110.0,0.0
2111.0,0.05694975795921771
2112.0,0.0
2113.0,0.035888848269770984
2114.0,0.0
2115.0,0.03852940964962589
2116.0,0.0
2117.0,0.01796499927974029
2118.0,0.0
2119.0,0.0
2120.0,0.010883218191424451
2121.0,0.01485857715446507
2122.0,0.0
2123.0,0.0
2124.0,0.0
2125.0,0.0
2126.0,0.0
2127.0,0.02508873604383921
2128.0,0.008914802994578518
2129.0,0.028292414948238257
2130.0,0.0
2131.0,0.0016266094099508677
2132.0,0.0
2133.0,0.020123771935731505
2134.0,0.012562892054250475
2135.0,0.03434581120008743
2136.0,0.0
2137.0,0.0
2138.0,0.0
2139.0,0.0
2140.0,0.013919419326532559
2141.0,0.0
2142.0,0.0
2143.0,0.0006584107109957274
2144.0,0.002655806288701859
2145.0,0.0
2146.0,0.04230125490916188
2147.0,0.0
2148.0,0.02785862333678818
2149.0,0.0
2150.0,0.0
2151.0,0.028123019874623068
2152.0,0.0
2153.0,0.018469813680401202
2154.0,0.0
2155.0,0.0
2156.0,0.0021741406865166497
2157.0,0.0
2158.0,0.009336531120181561
2159.0,0.0013791434078952083
2160.0,0.0
2161.0,0.0
2162.0,0.014193426340799745
2163.0,0.0
2164.0,0.0
2165.0,0.004113669830706597
2166.0,0.005344349238527289
2167.0,0.0020384551428070594
2168.0,0.0
2169.0,0.0
2170.0,0.02690252709668504
2171.0,0.024736593969937007
2172.0,0.026128115978936158
2173.0,0.0
2174.0,0.0
2175.0,0.016417529915322887
2176.0,0.0
2177.0,0.007889513092198687
2178.0,0.0
2179.0,0.0
2180.0,0.014712384821496907
2181.0,0.0
2182.0,0.021252732612549785
2183.0,0.0
2184.0,0.0
2185.0,0.0
2186.0,0.005818649133046785
2187.0,0.0
2188.0,0.0
2189.0,0.04248347476696698
2190.0,0.012654046332977287
2191.0,0.0
2192.0,0.0
2193.0,0.0082583632561596
2194.0,0.04699133617391984
2195.0,0.013612902084354945
2196.0,0.04445802402434554
2197.0,0.0
2198.0,0.02042029108440733
2199.0,0.0
2200.0,0.0051932450034449205
2201.0,0.0
2202.0,0.0
2203.0,0.003968112018976478
2204.0,0.010096645046236283
2205.0,0.0016806369302229886
2206.0,0.0
2207.0,0.008142242692222208
2208.0,0.0
2209.0,0.0
2210.0,0.020127573977408067
2211.0,0.020693042292282523
2212.0,0.0
2213.0,0.029094301829530097
2214.0,0.0
2215.0,0.015622696758138358
2216.0,0.0
2217.0,0.01237449322609752
2218.0,0.000757785043754953
2219.0,0.0
2220.0,0.0
2221.0,0.0244029371112564
2222.0,0.0
2223.0,0.0
2224.0,0.0
2225.0,0.016069456374746424
2226.0,0.007016936488793199
2227.0,0.0054008556832009285
2228.0,0.00623875496384181
2229.0,0.013015860284909307
2230.0,0.016909466319960462
2231.0,0.028020412059640835
2232.0,0.0
2233.0,0.06682822860369851
2234.0,0.021465596028238953
2235.0,0.0
2236.0,0.0
2237.0,0.0
2238.0,0.006198718787914057
2239.0,0.0024197156532193165
2240.0,0.016827851074888794
2241.0,0.0
2242.0,0.0
2243.0,0.034942676783464
2244.0,0.0
2245.0,0.020710498625242393
2246.0,0.001192375775365569
2247.0,0.0
2248.0,0.0
2249.0,0.0018433833062057759
2250.0,0.01069305966366743
2251.0,0.03318614786746819
2252.0,0.0
2253.0,0.0
2254.0,0.0
2255.0,0.029417770993352122
2256.0,0.011606111234976037
2257.0,0.0
2258.0,0.009790617351841713
2259.0,0.0
2260.0,0.0
2261.0,0.0
2262.0,0.0012448556361742322
2263.0,0.014160342237955398
2264.0,0.0
2265.0,0.0
2266.0,0.03130975354071862
2267.0,0.0
2268.0,0.06391206156595422
2269.0,0.0
2270.0,0.022078778950743807
2271.0,0.0
2272.0,0.0
2273.0,0.0
2274.0,0.0
2275.0,0.004920702209469611
2276.0,0.0
2277.0,0.04817027506845496
2278.0,0.0
2279.0,0.0
2280.0,0.01038308055004024
2281.0,0.011069417697740409
2282.0,0.0068880662250705715
2283.0,0.04381930970962766
2284.0,0.0042417307124618525
2285.0,0.0
2286.0,0.0391541201223729
2287.0,0.0
2288.0,0.031171736678169287
2289.0,0.0069765601700066465
2290.0,0.0
2291.0,0.0
2292.0,0.008957185164872983
2293.0,0.0
2294.0,0.005363616713657321
2295.0,0.019004995651258898
2296.0,0.0
2297.0,0.0
2298.0,0.02054824342922174
2299.0,0.009707594215371502
2300.0,0.03578711112133708
2301.0,0.04138965480214496
2302.0,0.0
2303.0,0.010191090575701521
2304.0,0.0
2305.0,0.0225008088097979
2306.0,0.0
2307.0,0.0
2308.0,0.014570941638380158
2309.0,0.024705030448134796
2310.0,0.0
2311.0,0.004356409142612771
2312.0,0.0
2313.0,0.0
2314.0,0.015348759004634721
2315.0,0.0021442485299468465
2316.0,0.03044840982274723
2317.0,0.017675139915003624
2318.0,0.0
2319.0,0.004691340955440045
2320.0,0.031300586530091296
2321.0,0.0401347553124828
2322.0,0.03831821254567905
2323.0,0.03384756504745221
2324.0,0.025724057788037873
2325.0,0.030028321771850455
2326.0,0.04533720695856044
2327.0,0.0
2328.0,0.02091969723481017
2329.0,0.00211182891416983
2330.0,0.0
2331.0,0.01830695242350093
2332.0,0.0
2333.0,0.031954829331759305
2334.0,0.006044051558145377
2335.0,0.01702449035854005
2336.0,0.0
2337.0,0.01075499197636551
2338.0,0.04708451358428488
2339.0,0.01272114574141996
2340.0,0.027937278184216877
2341.0,0.021858092822671867
2342.0,0.0
2343.0,0.0
2344.0,0.002575596199710925
2345.0,0.024563834733790202
2346.0,0.027201570236780475
2347.0,0.0
2348.0,0.003931981375601158
2349.0,0.04256070956529986
2350.0,0.0
2351.0,0.0
2352.0,0.0
2353.0,0.010427208005802194
2354.0,0.010836206727525447
2355.0,0.0
2356.0,0.009939723650886773
2357.0,0.0224926970049876
2358.0,0.009011369708041617
2359.0,0.009972838088771745
2360.0,0.011983417010955977
2361.0,0.042151889336900915
2362.0,0.0
2363.0,0.0
2364.0,0.0
2365.0,0.011208658613138033
2366.0,0.021007297834044363
2367.0,0.027846618187726192
2368.0,0.017733110309642558
2369.0,0.0
2370.0,0.04428554515491843
2371.0,0.0008850976074097354
2372.0,0.0
2373.0,0.04185309996293693
2374.0,0.005534942007014685
2375.0,0.0
2376.0,0.0
2377.0,0.011179821618984368
2378.0,0.0
2379.0,0.0
2380.0,0.0
2381.0,0.023952240362409893
2382.0,0.0
2383.0,0.005053545301686909
2384.0,0.02880631296271694
2385.0,0.0
2386.0,0.020939404017554866
2387.0,0.0
2388.0,0.060936102028461274
2389.0,0.00023169614415344475
2390.0,0.0
2391.0,0.0050384656340387345
2392.0,0.02525988442238753
2393.0,0.0006911595592139559
2394.0,0.055765696047392455
2395.0,0.015536615093062785
2396.0,0.013797204079542406
2397.0,0.013111438868448727
2398.0,0.0
2399.0,0.00606676583656109
2400.0,0.007959046689497781
2401.0,0.005305863254882741
2402.0,0.023460250009365587
2403.0,0.019160828930827798
2404.0,0.010403834314875435
2405.0,0.0
2406.0,0.0
2407.0,0.08003994497851075
2408.0,0.022168144278328628
2409.0,0.0
2410.0,0.019192621903093336
2411.0,0.015643899599947823
2412.0,0.020414104188713627
2413.0,0.0
2414.0,0.06005729955289239
2415.0,0.0177009164648363
2416.0,0.030160181753694202
2417.0,0.0
2418.0,0.027167327244641982
2419.0,0.011768591600327675
2420.0,0.0
2421.0,0.0
2422.0,0.013689858983124375
2423.0,0.0
2424.0,0.003198013931339016
2425.0,0.0
2426.0,0.016595619221004335
2427.0,0.0021427028745880992
2428.0,0.0
2429.0,0.031997661434392886
2430.0,0.017137926720059975
2431.0,0.004699372000230704
2432.0,0.004170855585289988
2433.0,0.012477693876045406
2434.0,0.03256516233549952
2435.0,0.02998237646506126
2436.0,0.02124402607299114
2437.0,0.005256364735932618
2438.0,0.0
2439.0,0.026097237590586273
2440.0,0.03724046220927935
2441.0,0.0
2442.0,0.01077114348113441
2443.0,0.0
2444.0,0.0
2445.0,0.04103467758553552
2446.0,0.0
2447.0,0.004801674903403679
2448.0,0.006054935620895036
2449.0,0.0052974628976495556
2450.0,0.013988335286298828
2451.0,0.005001007430256949
2452.0,0.006012293920049121
2453.0,0.0
2454.0,0.03183111410987815
2455.0,0.014060093067140362
2456.0,0.031914484669404185
2457.0,0.0
2458.0,0.0
2459.0,0.0
2460.0,0.0019932917532110984
2461.0,0.0
2462.0,0.0035081363371261306
2463.0,0.0
2464.0,0.023093526398159217
2465.0,0.0
2466.0,0.03596356697390532
2467.0,0.04287701359184115
2468.0,0.018371990107622395
2469.0,0.0013871754503726598
2470.0,0.0
2471.0,0.0404069073923187
2472.0,0.0046176097479363855
2473.0,0.0
2474.0,0.0155736831308004
2475.0,0.0
2476.0,0.0
2477.0,0.0
2478.0,0.0
2479.0,0.021315340867811155
2480.0,0.0
2481.0,0.0
2482.0,0.0110729899014434
2483.0,0.0
2484.0,0.0015110730261526173
2485.0,0.0
2486.0,0.0
2487.0,0.0
2488.0,0.0
2489.0,0.0
2490.0,0.0
2491.0,0.0
2492.0,0.022674721016260037
2493.0,0.0
2494.0,0.03867705451223048
2495.0,0.013622157187231629
2496.0,0.0
2497.0,0.02437191890775948
2498.0,0.002852334414011756
2499.0,0.00934852126698871
2500.0,0.0
2501.0,0.0
2502.0,0.014841164843800044
2503.0,0.0023987344134753664
2504.0,0.0064189649427161604
2505.0,0.06012992367545869
2506.0,0.0
2507.0,0.045907441563812094
2508.0,0.0
2509.0,0.0
2510.0,0.0
2511.0,0.0
2512.0,5.861084205917015e-05
2513.0,0.02708976143641935
2514.0,0.0
2515.0,0.003774320296294138
2516.0,0.007992047744146524
2517.0,0.0
2518.0,0.006469024417729983
2519.0,0.0
2520.0,0.014553908381673133
2521.0,0.02282151797697646
2522.0,0.003743526073438744
2523.0,0.031699638035059714
2524.0,0.0
2525.0,0.0
2526.0,0.0
2527.0,0.00510041248484191
2528.0,0.004273912861475366
2529.0,0.0
2530.0,0.006757201951866845
2531.0,0.0029471281668125705
2532.0,0.011736800631862148
2533.0,0.0
2534.0,0.0
2535.0,0.0
2536.0,0.0
2537.0,0.0
2538.0,0.0
2539.0,0.002573213484892647
2540.0,0.0
2541.0,0.001391513166013494
2542.0,0.010393428106797248
2543.0,0.010159186301093703
2544.0,0.005899220129847988
2545.0,0.015638475896396175
2546.0,0.00760210316066934
2547.0,0.00656992436343223
2548.0,0.04731148933030299
2549.0,0.0
2550.0,0.003874132189476769
2551.0,0.0032164301755779534
2552.0,0.0
2553.0,0.0
2554.0,0.015375920015564174
2555.0,0.000727490935115941
2556.0,0.03752329384802782
2557.0,0.04163179854502107
2558.0,0.0
2559.0,0.0
2560.0,0.022170487056912092
2561.0,0.021508844639427423
2562.0,0.0
2563.0,0.014860279084777422
2564.0,0.020446030886814456
2565.0,0.016980997425057855
2566.0,0.021085274133897283
2567.0,0.0
2568.0,0.0
2569.0,0.0033927607268513273
2570.0,0.03762722679634799
2571.0,0.015617002115662248
2572.0,0.017916613037176513
2573.0,0.0
2574.0,0.0
2575.0,0.015442328638526728
2576.0,0.026256649928566706
2577.0,0.028986551702999547
2578.0,0.0
2579.0,0.03386727882940852
2580.0,0.0
2581.0,0.0010646935217133648
2582.0,0.011365218172278091
2583.0,0.0
2584.0,0.0
2585.0,0.0
2586.0,0.0
2587.0,0.0490641218209061
2588.0,0.0
2589.0,0.0031058209579241975
2590.0,0.021077726086486556
2591.0,0.026670317556478248
2592.0,0.015384917659408357
2593.0,0.0
2594.0,0.00424163473836911
2595.0,0.0017468080098599164
2596.0,0.014509176726604013
2597.0,0.0333700560792614
2598.0,0.010207760744994158
2599.0,0.0010601646897040492
2600.0,0.0
2601.0,0.024716533755983233
2602.0,0.0
2603.0,0.014291460860018628
2604.0,0.0
2605.0,0.0
2606.0,0.0007225839326798901
2607.0,0.0
2608.0,0.005750052106520221
2609.0,0.0
2610.0,0.0
2611.0,0.03105095087727109
2612.0,0.016058343673080504
2613.0,0.0
2614.0,0.011669885740503563
2615.0,0.0
2616.0,0.0
2617.0,0.020246921201990634
2618.0,0.0
2619.0,0.0
2620.0,0.0
2621.0,0.0029612554981105848
2622.0,0.033910125844869486
2623.0,0.0
2624.0,0.034611821884823236
2625.0,0.049364438882062996
2626.0,0.025490296892992335
2627.0,0.0
2628.0,0.02737824692790889
2629.0,0.010047501386363405
2630.0,0.0
2631.0,0.02839689202582028
2632.0,0.0
2633.0,0.018785929995510795
2634.0,0.02602708901044479
2635.0,0.0
2636.0,0.015875563105044878
2637.0,0.0
2638.0,0.03279909024334233
2639.0,0.012379174078915537
2640.0,0.014779690208902229
2641.0,0.03005922245727622
2642.0,0.0
2643.0,0.003555168799790288
2644.0,0.0
2645.0,0.0025978001288793785
2646.0,0.014052292790234856
2647.0,0.0
2648.0,0.00023703305085817536
2649.0,0.0052901938234835915
2650.0,0.0
2651.0,0.0
2652.0,0.013311580646523238
2653.0,0.00719013627484101
2654.0,0.005210114098962355
2655.0,0.007638550478018773
2656.0,0.013791656080555641
2657.0,0.0221850138594981
2658.0,0.0
2659.0,0.004469948397945699
2660.0,0.004027820016458306
2661.0,0.0
2662.0,0.00864735987990959
2663.0,0.0
2664.0,0.0
2665.0,0.02123607507320876
2666.0,0.010983459377498889
2667.0,0.0049058816380206025
2668.0,0.0
2669.0,0.0
2670.0,0.04499774686628974
2671.0,0.0
2672.0,0.02440847823482309
2673.0,0.0
2674.0,0.007484579735248778
2675.0,0.0
2676.0,0.00596439484949582
2677.0,0.03377118676602915
2678.0,0.02553866018397176
2679.0,0.023968190269559625
2680.0,0.0
2681.0,0.008944341456691221
2682.0,0.04564688821938207
2683.0,0.0
2684.0,0.03399684940192199
2685.0,0.00024131735482945673
2686.0,0.03359104357322373
2687.0,0.0
2688.0,0.0
2689.0,0.0
2690.0,0.029047945905017077
2691.0,0.02953142921498465
2692.0,0.0
2693.0,0.01180734981229004
2694.0,0.015604921948106792
2695.0,0.0011530087016245747
2696.0,0.011160699965769167
2697.0,0.011995520262483008
2698.0,0.0
2699.0,0.0
2700.0,0.01073296511913171
2701.0,0.0
2702.0,0.004816586444011622
2703.0,0.0
2704.0,0.01860888189576676
2705.0,0.002078025260345798
2706.0,0.0
2707.0,0.02271356503479089
2708.0,0.02081985754535765
2709.0,0.0
2710.0,0.009696015000468234
2711.0,0.005294715849591215
2712.0,0.0021460393995929926
2713.0,0.001238096003663022
2714.0,0.0
2715.0,0.014107436708647553
2716.0,0.015813973069441944
2717.0,0.0074884346170734205
2718.0,0.026434922973298667
2719.0,0.030086337666344158
2720.0,0.002175900478395513
2721.0,0.06029837299146896
2722.0,0.0
2723.0,0.018850364341342834
2724.0,0.0
2725.0,0.017188064328133697
2726.0,0.0
2727.0,0.04745830358299653
2728.0,0.0
2729.0,0.039533523922095186
2730.0,0.05097844093665128
2731.0,0.0
2732.0,0.04419227328039981
2733.0,0.007449897285115027
2734.0,0.02697180603144333
2735.0,0.026495698878505402
2736.0,0.0
2737.0,0.014958852006078736
2738.0,0.0
2739.0,0.023686030270120284
2740.0,0.015757134472434577
2741.0,0.0
2742.0,0.0
2743.0,0.03578849987467622
2744.0,0.0
2745.0,0.0
2746.0,0.0
2747.0,0.0
2748.0,0.015423438922543274
2749.0,0.00721781992709232
2750.0,0.015841206813183226
2751.0,0.004163624781745591
2752.0,0.0
2753.0,0.007359418530082856
2754.0,0.013898220853540436
2755.0,0.0
2756.0,0.021185959826897593
2757.0,0.027110942664822224
2758.0,0.0
2759.0,0.02519648054895142
2760.0,0.0
2761.0,0.0012345883560498548
2762.0,0.020230386892096296
2763.0,0.0
2764.0,0.01740659825998781
2765.0,0.018152924374981286
2766.0,0.0
2767.0,0.013489210026336372
2768.0,0.024726683270720848
2769.0,0.0293115188965019
2770.0,0.02196100408341581
2771.0,0.0
2772.0,0.019513535609577914
2773.0,0.014985850602940822
2774.0,0.0
2775.0,0.0
2776.0,0.0061737437181161575
2777.0,0.03607830608843781
2778.0,0.0
2779.0,0.006687508701073786
2780.0,0.05928862132019594
2781.0,0.0
2782.0,0.0
2783.0,0.0104575642341755
2784.0,0.013623440740297291
2785.0,0.0
2786.0,0.016128179996648263
2787.0,0.0
2788.0,0.01983258761590218
2789.0,0.006052462381757566
2790.0,0.008755976005769427
2791.0,0.022884422933621168
2792.0,0.012180899212961694
2793.0,0.0018290159692926507
2794.0,0.0057127947928554525
2795.0,0.0
2796.0,0.0001425842049750944
2797.0,0.0
2798.0,0.0
2799.0,0.0
2800.0,0.00018229150979952395
2801.0,0.021349708324096554
2802.0,0.0
2803.0,0.02101554248314437
2804.0,0.0
2805.0,0.025830694437282014
2806.0,0.0
2807.0,0.0
2808.0,0.0
2809.0,0.018135874351939373
2810.0,0.014547529323328015
2811.0,0.0
2812.0,0.016602571931102247
2813.0,0.003262275018177354
2814.0,0.014856370593334374
2815.0,0.02290702683921999
2816.0,0.03274099314105932
2817.0,0.00958881957126361
2818.0,0.0177282897061383
2819.0,0.004116005886751853
2820.0,0.02750096620451551
2821.0,0.0
2822.0,0.0
2823.0,0.0
2824.0,0.032744347331413584
2825.0,0.0
2826.0,0.020956669685557632
2827.0,0.0
2828.0,0.0007343234802532412
2829.0,0.019906479600690776
2830.0,0.0
2831.0,0.0
2832.0,0.0
2833.0,0.012529541888890487
2834.0,0.0
2835.0,0.009321102233611007
2836.0,0.011368900347821394
2837.0,0.006941398876101418
2838.0,0.022026280564891833
2839.0,0.02234838287411704
2840.0,0.0
2841.0,0.020593106190145864
2842.0,0.0
2843.0,0.04194919204423206
2844.0,0.00020359374143869347
2845.0,0.0
2846.0,0.03703149875536422
2847.0,0.00023207730248726602
2848.0,0.009189459631288317
2849.0,0.017671184307205896
2850.0,0.0
2851.0,0.03381443132196436
2852.0,0.0
2853.0,0.0
2854.0,0.020148120458599386
2855.0,0.0
2856.0,0.011222525805195237
2857.0,0.019803735812818253
2858.0,0.0
2859.0,0.0
2860.0,0.0
2861.0,0.0
2862.0,0.0
2863.0,0.0
2864.0,0.013746912056765852
2865.0,0.0
2866.0,0.0
2867.0,0.0
2868.0,0.0
2869.0,0.0
2870.0,0.023984131902249645
2871.0,0.026258160693047084
2872.0,0.0011076865557780229
2873.0,0.02532004302692012
2874.0,0.009613545542737039
2875.0,0.0
2876.0,0.0
2877.0,0.0
2878.0,0.0
2879.0,0.028421425748500956
2880.0,0.012681560926342851
2881.0,0.006037859070557441
2882.0,0.0026741357723206434
2883.0,0.0
2884.0,0.0
2885.0,0.02638386522482778
2886.0,0.057235658013325516
2887.0,0.0
2888.0,0.001343658185460433
2889.0,0.0
2890.0,0.03615852189937298
2891.0,0.03359622513481904
2892.0,0.022749287609066138
2893.0,0.0
2894.0,0.006538973838256064
2895.0,0.0
2896.0,0.006172211675997193
2897.0,0.0
2898.0,0.04539348561965647
2899.0,0.02001407338958876
2900.0,0.0
2901.0,0.0
2902.0,0.053653961451006815
2903.0,0.00948760543590104
2904.0,0.0
2905.0,0.005539264202555944
2906.0,0.02542569230553757
2907.0,0.027667097351623867
2908.0,0.0
2909.0,0.0
2910.0,0.053588323511427505
2911.0,0.020528999380328688
2912.0,0.002694983332245599
2913.0,0.0
2914.0,0.0
2915.0,0.0
2916.0,0.0
2917.0,0.05419741490517867
2918.0,0.0
2919.0,0.00011445770537931436
2920.0,0.0
2921.0,0.01921229950637987
2922.0,0.0
2923.0,0.0
2924.0,0.0
2925.0,0.0
2926.0,0.0
2927.0,0.0
2928.0,0.000963428631838305
2929.0,0.0007982520056211824
2930.0,0.0
2931.0,0.0
2932.0,0.060179644525296186
2933.0,0.04353232692951004
2934.0,0.0
2935.0,0.02318922622018399
2936.0,0.023567959500633014
2937.0,0.0
2938.0,0.0033602772839803788
2939.0,0.0371520039548944
2940.0,0.030348845142422972
2941.0,0.0
2942.0,0.0
2943.0,0.0
2944.0,0.01088778709983104
2945.0,0.03773578479579216
2946.0,0.009405995545576785
2947.0,0.006660700928673536
2948.0,0.016348971074504153
2949.0,0.0
2950.0,0.0
2951.0,0.00894961556015017
2952.0,0.009909970378943093
2953.0,0.02424863717098813
2954.0,0.0
2955.0,0.028056817030239437
2956.0,0.018715516504657248
2957.0,0.014386793730558303
2958.0,0.01222895599509459
2959.0,0.006896711201868137
2960.0,0.0
2961.0,0.039533854524456374
2962.0,0.01814559123214193
2963.0,0.0
2964.0,0.0
2965.0,0.010413314770237016
2966.0,0.0
2967.0,0.0
2968.0,0.0
2969.0,0.019098540393290238
2970.0,0.00947641249171459
2971.0,0.008142586871342413
2972.0,0.009074692972361782
2973.0,0.018815506929165823
2974.0,0.0
2975.0,0.008480555419926199
2976.0,0.0
2977.0,0.0
2978.0,0.058692666498769995
2979.0,0.043237937656005095
2980.0,0.027048502295745038
2981.0,0.02446899068462722
2982.0,0.0
2983.0,0.0
2984.0,0.0
2985.0,0.010268663223689202
2986.0,0.02465496496100709
2987.0,0.009448982776504073
2988.0,0.020813684095818328
2989.0,0.0
2990.0,0.04262353669046907
2991.0,0.025603849966537584
2992.0,0.013688643972816085
2993.0,0.0
2994.0,0.0
2995.0,0.028579436109233594
2996.0,0.0
2997.0,0.00711438950796881
2998.0,0.0
2999.0,0.01241103143656988
3000.0,0.006095195845402299
3001.0,0.021689365438804484
3002.0,0.026267783382196593
3003.0,0.031248533375837682
3004.0,0.0
3005.0,0.03822148894230827
3006.0,0.009137407752922398
3007.0,0.014404222435943572
3008.0,0.012743352753031678
3009.0,0.030601223688581
3010.0,0.01364756164580883
3011.0,0.0
3012.0,0.0
3013.0,0.05054207427714997
3014.0,0.044732886666696406
3015.0,0.03169434302185921
3016.0,0.0
3017.0,0.0
3018.0,0.0
3019.0,0.014573397004610916
3020.0,0.00669962561732163
3021.0,0.006320093639745681
3022.0,0.0015754206550546968
3023.0,0.0
3024.0,0.009443152808805122
3025.0,0.0
3026.0,0.0
3027.0,0.0029981554871487087
3028.0,0.029727676395299225
3029.0,0.012757350465505678
3030.0,0.05062905359353683
3031.0,0.0
3032.0,0.0
3033.0,0.011911474829525977
3034.0,0.005692453941302708
3035.0,0.04169958262297993
3036.0,0.004515446909355809
3037.0,0.0
3038.0,0.018153167171730614
3039.0,0.0
3040.0,0.004332623651667617
3041.0,0.03327999816143414
3042.0,0.0
3043.0,0.035815039748944774
3044.0,0.0
3045.0,0.017009820799293387
3046.0,0.014905990862881314
3047.0,0.0
3048.0,0.03073873578805894
3049.0,0.023499097585507382
3050.0,0.0
3051.0,0.0
3052.0,0.041452203387344184
3053.0,0.016553177945846233
3054.0,0.021334710372435433
3055.0,0.01723137681693668
3056.0,0.0
3057.0,0.0
3058.0,0.017598010464352744
3059.0,0.012281443447792363
3060.0,0.0
3061.0,0.0
3062.0,0.05039490306909436
3063.0,0.0007157438617952108
3064.0,0.017602540850402953
3065.0,0.015370969433436035
3066.0,0.0
3067.0,0.016569933028588602
3068.0,0.021110396489306904
3069.0,0.021013301484976665
3070.0,0.014524079009324672
3071.0,0.0
3072.0,0.0
3073.0,0.010640590436680471
3074.0,0.0
3075.0,0.017118899281237075
3076.0,0.002270599174535233
3077.0,0.0
3078.0,0.016458830719718535
3079.0,0.019511738188334026
3080.0,0.002771327703911547
3081.0,0.0
3082.0,0.0
3083.0,0.0
3084.0,0.013683762310463215
3085.0,0.05762788063464148
3086.0,0.03126581645197666
3087.0,0.0
3088.0,0.04848798034935594
3089.0,0.03335160634688799
3090.0,0.046436366990741655
3091.0,0.0
3092.0,0.03632484154067291
3093.0,0.017217330476553255
3094.0,0.0
3095.0,0.0028986042093820104
3096.0,0.0
3097.0,0.0
3098.0,0.06307226305920877
3099.0,0.049147260857344124
3100.0,0.0
3101.0,0.00855052491041906
3102.0,0.033178437778405005
3103.0,0.0
3104.0,0.029738012235339138
3105.0,0.012056410237825717
3106.0,0.000471518194210442
3107.0,0.0
3108.0,0.0
3109.0,0.0
3110.0,0.027938925735069668
3111.0,0.0
3112.0,0.03851582687341122
3113.0,0.0032014695212577555
3114.0,0.009404374670000317
3115.0,0.050457060209882075
3116.0,0.013333760839452553
3117.0,0.001934999026864259
3118.0,0.012764985739782787
3119.0,0.0
3120.0,0.009191881671520052
3121.0,0.0
3122.0,0.007000213195979957
3123.0,0.024394771392550203
3124.0,0.010155352362282028
3125.0,0.005444851361478681
3126.0,0.0
3127.0,0.0
3128.0,0.01517296121312942
3129.0,0.0
3130.0,0.012775051592820318
3131.0,0.0
3132.0,0.006438000821807009
3133.0,0.0
3134.0,0.0
3135.0,0.0
3136.0,0.0
3137.0,0.0
3138.0,0.0
3139.0,0.041394814850728524
3140.0,0.04315570863776293
3141.0,0.0
3142.0,0.008840423733832958
3143.0,0.010732386081825153
3144.0,0.029594824045697046
3145.0,0.022635887426064063
3146.0,0.0
3147.0,0.0
3148.0,0.009582298447674721
3149.0,0.018282365079580577
3150.0,0.0
3151.0,0.03534081163697424
3152.0,0.025979249217376186
3153.0,0.017264855504243108
3154.0,0.0061675036225353795
3155.0,0.0
3156.0,0.019122811948297708
3157.0,0.030399943589633716
3158.0,0.0
3159.0,0.0
3160.0,0.031544113663283475
3161.0,0.008737853093003576
3162.0,0.0
3163.0,0.013717753522150985
3164.0,0.028807882876223722
3165.0,0.0
3166.0,0.03403793754097404
3167.0,0.00039911589340445075
3168.0,0.022745852685997537
3169.0,0.0
3170.0,0.028416310995992747
3171.0,0.0
3172.0,0.0007027179184380283
3173.0,0.020768461996133847
3174.0,0.0
3175.0,0.033538304298205424
3176.0,0.006426887873634332
3177.0,0.0
3178.0,0.0
3179.0,0.0
3180.0,0.009997098875233307
3181.0,0.0
3182.0,0.0
3183.0,0.043985554006799855
3184.0,0.015887718793946938
3185.0,0.0
3186.0,0.0
3187.0,0.0
3188.0,0.026565612160265862
3189.0,0.01435029182935879
3190.0,0.010191640615378418
3191.0,0.0
3192.0,0.0
3193.0,0.0013160135498636759
3194.0,0.0
3195.0,0.0
3196.0,0.0
3197.0,0.00043621131881794474
3198.0,0.042153432493167935
3199.0,0.04904911220924089
3200.0,0.023299048214305392
3201.0,0.009228952881489295
3202.0,0.006397886702083481
3203.0,0.034880877776521525
3204.0,0.015431223081124953
3205.0,0.0
3206.0,0.01600612256224861
3207.0,0.019551170312948254
3208.0,0.00783861608920966
3209.0,0.0
3210.0,0.0
3211.0,0.0141308078698516
3212.0,0.0
3213.0,0.022228542522824003
3214.0,0.0052606884701144555
3215.0,0.050771092051548346
3216.0,0.033682790945255926
3217.0,5.2722736719472626e-05
3218.0,0.042809730926989926
3219.0,0.04673783205213847
3220.0,0.0
3221.0,0.0
3222.0,0.0
3223.0,0.0
3224.0,0.0032670293740379498
3225.0,0.0
3226.0,0.0
3227.0,0.020564298199913584
3228.0,0.0
3229.0,0.024365944400906572
3230.0,0.0007441853977074953
3231.0,0.012263514826371127
3232.0,0.0
3233.0,0.0
3234.0,0.0
3235.0,0.010308019723360361
3236.0,0.00784782274770276
3237.0,0.003243578029475218
3238.0,0.016843222255538758
3239.0,0.03197924385951307
3240.0,0.0
3241.0,0.0
3242.0,0.04390034866286761
3243.0,0.0365012666152335
3244.0,0.0
3245.0,0.0
3246.0,0.012607747865263776
3247.0,0.0163540892125013
3248.0,0.02510756292369892
3249.0,0.03295209891894427
3250.0,0.000920315550094788
3251.0,0.017646434549284693
3252.0,0.0
3253.0,0.010654726314506697
3254.0,0.0026227485421866014
3255.0,0.006557620347223292
3256.0,0.0
3257.0,0.01901449906986871
3258.0,0.0
3259.0,0.010319488716070843
3260.0,0.0
3261.0,0.00953181829662772
3262.0,0.015303066468012097
3263.0,0.021714865038505293
3264.0,0.044457590896181114
3265.0,0.004243013705719107
3266.0,0.0
3267.0,0.0
3268.0,0.00947685712879414
3269.0,0.037258927704355266
3270.0,0.028242542141611884
3271.0,0.0
3272.0,0.041260090711441766
3273.0,0.008573329050743492
3274.0,0.029749200104857595
3275.0,0.0
3276.0,0.014524352048659072
3277.0,0.02863684650723107
3278.0,0.02140354422549856
3279.0,0.0
3280.0,0.010996299686755886
3281.0,0.0
3282.0,0.0
3283.0,0.0
3284.0,0.010145699574760043
3285.0,0.0
3286.0,0.007785285971701198
3287.0,0.013344723805008228
3288.0,0.005275710892670756
3289.0,0.03046884713618736
3290.0,0.0
3291.0,0.01503799047377823
3292.0,0.0
3293.0,0.023047075759835587
3294.0,0.006469792171848471
3295.0,0.059206924141875
3296.0,0.008793024631399821
3297.0,0.0
3298.0,0.0
3299.0,0.010797352337249617
3300.0,0.013142095919926006
3301.0,0.06435111397388762
3302.0,0.0026990973870276882
3303.0,0.025337145810677357
3304.0,0.0
3305.0,0.004764498666936889
3306.0,0.05894816116412415
3307.0,0.0
3308.0,0.0
3309.0,0.010689537015225835
3310.0,0.009584625553910231
3311.0,0.0
3312.0,0.0
3313.0,0.018496600826545508
3314.0,0.016836121338040518
3315.0,0.023786794949037605
3316.0,0.014724592734152851
3317.0,0.021015755188356945
3318.0,0.012046191325643378
3319.0,0.0449782926604365
3320.0,0.004439269057466634
3321.0,0.0
3322.0,0.0016097122150372715
3323.0,0.002245317350018011
3324.0,0.012759990432192135
3325.0,0.011582996564892535
3326.0,0.019256343925166588
3327.0,0.003333250877176757
3328.0,0.01192045830353653
3329.0,0.0
3330.0,0.0
3331.0,0.01059438126004556
3332.0,0.0
3333.0,0.0019676235639577095
3334.0,0.0
3335.0,0.0
3336.0,0.06287653558159573
3337.0,0.03285341109840257
3338.0,0.0
3339.0,0.007639439926544331
3340.0,0.028606092118068558
3341.0,0.025518703326867037
3342.0,0.016138164694628716
3343.0,0.0
3344.0,0.01292219246405653
3345.0,0.016080861342445133
3346.0,0.023398951280876455
3347.0,0.0
3348.0,0.0
3349.0,0.0
3350.0,0.00037485137982064715
3351.0,0.023188873714301967
3352.0,0.0
3353.0,0.0207874061503625
3354.0,0.019971812065761752
3355.0,0.008859217159395003
3356.0,0.012428438399287063
3357.0,0.0
3358.0,0.010581207635962361
3359.0,0.02873474044879588
3360.0,0.04187595251236848
3361.0,0.008207410834792669
3362.0,0.04029527331393136
3363.0,0.0462101368147306
3364.0,0.0447082751202044
3365.0,0.015643126830851686
3366.0,0.0430059328124757
3367.0,0.04942213427307137
3368.0,0.05423864765112022
3369.0,0.05417163791393557
3370.0,0.060099903102763405
3371.0,0.04567206059962369
3372.0,0.10186672723179531
3373.0,0.09804483800187644
3374.0,0.08901770534739827
3375.0,0.17158693773893344
3376.0,0.13590415722890842
3377.0,0.14904922067305743
3378.0,0.12398611871236043
3379.0,0.20192323696444273
3380.0,0.17352078411521
3381.0,0.16646305778686918
3382.0,0.1994865558609852
3383.0,0.27022044930805617
3384.0,0.23451767544458646
3385.0,0.2497892951898615
3386.0,0.2363645103351357
3387.0,0.2621461444922245
3388.0,0.32380592941479897
3389.0,0.3573181002339254
3390.0,0.39396148186147856
3391.0,0.42639685882547906
3392.0,0.4535764425687049
3393.0,0.42064398639356787
3394.0,0.43353211966607236
3395.0,0.49670181148236925
3396.0,0.4862951194646689
3397.0,0.5244507558724827
3398.0,0.5757336970421131
3399.0,0.5575854763272101
3400.0,0.5502367871687022
3401.0,0.5905754163583485
3402.0,0.6223808770029331
3403.0,0.5856661342950625
3404.0,0.6080218471950669
3405.0,0.6273386134723523
3406.0,0.6212456445664045
3407.0,0.6603992560315061
3408.0,0.6447963716341336
3409.0,0.6036672534716045
3410.0,0.6387014083976648
3411.0,0.598681975749019
3412.0,0.5749887306701112
3413.0,0.5691687202730652
3414.0,0.5657062982558101
3415.0,0.5455000273262257
3416.0,0.5433559501162584
3417.0,0.60736932527462
3418.0,0.5331463066416136
3419.0,0.5310491585450368
3420.0,0.5019604709923545
3421.0,0.43812435025491203
3422.0,0.45055720582086667
3423.0,0.5072497118043973
3424.0,0.3967416218643326
3425.0,0.41568332554372633
3426.0,0.3571785841754276
3427.0,0.35153269918276947
3428.0,0.29100062599332965
3429.0,0.3557938249181396
3430.0,0.3049622426806078
3431.0,0.2482468813394437
3432.0,0.2459609185246458
3433.0,0.22223444316333582
3434.0,0.19760157743513312
3435.0,0.18210583428127466
3436.0,0.21340756759274226
3437.0,0.19540883721993568
3438.0,0.14357314140240407
3439.0,0.12461334403281968
3440.0,0.12149720767421703
3441.0,0.14691987072135307
3442.0,0.12119235179867115
3443.0,0.11050883893818292
3444.0,0.13193840219088313
3445.0,0.08971486526964062
3446.0,0.03575624921094337
3447.0,0.08949247271783851
3448.0,0.10287824052711
3449.0,0.07347994782066969
3450.0,0.09138827031109407
3451.0,0.05491469264308431
3452.0,0.0762926129688261
3453.0,0.07647487207027177
3454.0,0.0831197258708836
3455.0,0.06088887295893269
3456.0,0.05296822810214186
3457.0,0.08933833923719313
3458.0,0.034783017040197636
3459.0,0.1352378227194463
3460.0,0.07223861165883116
3461.0,0.13597629403147185
3462.0,0.15067638568141736
3463.0,0.11141410969959266
3464.0,0.17499856666278477
3465.0,0.1264022981471482
3466.0,0.18327360546814336
3467.0,0.15947632787371277
3468.0,0.17915121222585892
3469.0,0.17847984133983233
3470.0,0.2107785199947462
3471.0,0.23034752873293193
3472.0,0.22214328924189572
3473.0,0.27186590814924516
3474.0,0.3470040878964642
3475.0,0.3232035350879254
3476.0,0.32503845533769876
3477.0,0.3567036764070446
3478.0,0.3735010033199238
3479.0,0.37143985189338075
3480.0,0.4077386423086565
3481.0,0.4475219788482708
3482.0,0.4164685840882721
3483.0,0.4648529827451582
3484.0,0.5234249043673529
3485.0,0.4999144814284637
3486.0,0.5009938308191814
3487.0,0.5310764863916323
3488.0,0.5705855908428981
3489.0,0.6237558891487015
3490.0,0.5375922753746079
3491.0,0.590694457275097
3492.0,0.6271163756922933
3493.0,0.5947879805770324
3494.0,0.6438074322582544
3495.0,0.5983380268502303
3496.0,0.6045277274009194
3497.0,0.6578875602017343
3498.0,0.6285936209553575
3499.0,0.6826178480680533
3500.0,0.6329656803907457
3501.0,0.6158788236456296
3502.0,0.6162623388721641
3503.0,0.5428158781171641
3504.0,0.5453461115406634
3505.0,0.5311599821323676
3506.0,0.5807797029956757
3507.0,0.4994460946259297
3508.0,0.4432485508026914
3509.0,0.45743372251408826
3510.0,0.4947291255635085
3511.0,0.43347612731685364
3512.0,0.393259941195363
3513.0,0.3945721759506564
3514.0,0.39120689161298694
3515.0,0.3840224071396104
3516.0,0.30478044420963457
3517.0,0.345373634649617
3518.0,0.34194181240639016
3519.0,0.2767210430202095
3520.0,0.27334091336968064
3521.0,0.2505803550678105
3522.0,0.21671001121462238
3523.0,0.19114427006123885
3524.0,0.2056294465873867
3525.0,0.1577483413942852
3526.0,0.1384515530994142
3527.0,0.15879804814474624
3528.0,0.10535054703933526
3529.0,0.1134120587257761
3530.0,0.12623824785045756
3531.0,0.10293887670552188
3532.0,0.0698294219438226
3533.0,0.09259694782090201
3534.0,0.09519883319724233
3535.0,0.061353737040654686
3536.0,0.03915379359731144
3537.0,0.029459578500712756
3538.0,0.0637474687275439
3539.0,0.027198679022271622
3540.0,0.02034269362601723
3541.0,0.0460130207923218
3542.0,0.02149723251989146
3543.0,0.05244024710240101
3544.0,0.055447274424189105
3545.0,0.02194230122485227
3546.0,0.028154884900010398
3547.0,0.0
3548.0,0.034522743456099805
3549.0,0.0
3550.0,0.0
3551.0,0.025872722490622585
3552.0,0.0
3553.0,0.004064241037740451
3554.0,0.0
3555.0,0.0
3556.0,0.0
3557.0,0.03335739310859492
3558.0,0.0059884085577052324
3559.0,0.0
3560.0,0.0044983604372793
3561.0,0.0238282774033697
3562.0,0.0
3563.0,0.021436587618168468
3564.0,0.03256158570704153
3565.0,0.023162144991470433
3566.0,0.0
3567.0,0.0
3568.0,0.0006357465367580052
3569.0,0.0
3570.0,0.03972894065220192
3571.0,0.00444858777845551
3572.0,0.0
3573.0,0.034571864152260254
3574.0,0.0
3575.0,0.0
3576.0,0.021440382159892864
3577.0,0.023469061796388187
3578.0,0.001157529199102071
3579.0,0.0
3580.0,0.0
3581.0,0.033045356680599595
3582.0,0.024822948036910604
3583.0,0.0046010270381338135
3584.0,0.022716476431247724
3585.0,0.0
3586.0,0.0
3587.0,0.0
3588.0,0.0
3589.0,0.030197708821034834
3590.0,0.02755920715849014
3591.0,0.020041301875355078
3592.0,0.010839771284039833
3593.0,0.0
3594.0,0.0
3595.0,0.0
3596.0,0.04039644412493867
3597.0,0.0002474547088906576
3598.0,0.0
3599.0,0.0
3600.0,0.013169612455899092
3601.0,0.00099132574521082
3602.0,0.004784443897912469
3603.0,0.028630575177591294
3604.0,0.0023348302010131813
3605.0,0.0
3606.0,0.0
3607.0,0.0
3608.0,0.0
3609.0,0.024739260318705904
3610.0,0.0
3611.0,0.0
3612.0,0.01801580700913156
3613.0,0.0
3614.0,0.0
3615.0,0.0
3616.0,0.024476083871490893
3617.0,0.006596810393014628
3618.0,0.0
3619.0,0.03249689050009953
3620.0,0.0
3621.0,0.016094950122715952
3622.0,0.025964692264243916
3623.0,0.018614995772938594
3624.0,0.0
3625.0,0.0
3626.0,0.013779678929179676
3627.0,0.021752746682247765
3628.0,0.02324215948162801
3629.0,0.0
3630.0,0.004773752001478109
3631.0,0.015224160806094232
3632.0,0.02217946933890814
3633.0,0.00895015003288668
3634.0,0.02011056951008203
3635.0,0.0
3636.0,0.0241319550209023
3637.0,0.02278029373064774
3638.0,0.001599060471153432
3639.0,0.0
3640.0,0.0
3641.0,0.038551473926306784
3642.0,0.013695124905323436
3643.0,0.018273932183328834
3644.0,0.0
3645.0,0.0
3646.0,0.000299485168620246
3647.0,0.0
3648.0,0.029921450679172103
3649.0,0.029930398395740403
3650.0,0.0031646927220779
3651.0,0.05115209571872389
3652.0,0.007474276949629506
3653.0,0.004908863938259828
3654.0,0.00473283259105345
3655.0,0.0
3656.0,0.0
3657.0,0.0
3658.0,0.0
3659.0,0.02790168260257407
3660.0,0.01373879230349374
3661.0,0.0
3662.0,0.0
3663.0,0.03283949518077579
3664.0,0.0009627629714084178
3665.0,0.033004763598470224
3666.0,0.0
3667.0,0.04077747037156991
3668.0,0.00747656756569199
3669.0,0.022598400544397986
3670.0,0.02902632648495228
3671.0,0.0036363539037726233
3672.0,0.0
3673.0,0.0
3674.0,0.015443719603483301
3675.0,0.0
3676.0,0.014745803369275976
3677.0,0.028194453269749852
3678.0,0.013946605964529095
3679.0,0.0
3680.0,0.02885250676148935
3681.0,0.006986933632598914
3682.0,0.0
3683.0,0.005405286408375243
3684.0,0.04559059209540317
3685.0,0.0
3686.0,0.0
3687.0,0.0053290124898712765
3688.0,0.004719451838943079
3689.0,0.0
3690.0,0.0
3691.0,0.042759539228586545
3692.0,0.0
3693.0,0.02829904907690484
3694.0,0.006641285081338114
3695.0,0.02724055652374047
3696.0,0.0
3697.0,0.020609325347824375
3698.0,0.04204275200056471
3699.0,0.0
3700.0,0.0
3701.0,0.0
3702.0,0.00978916605644772
3703.0,0.002194964913293958
3704.0,0.005532337333928144
3705.0,0.0
3706.0,0.0
3707.0,0.020531779751844715
3708.0,0.0
3709.0,0.0
3710.0,0.006599240489392455
3711.0,0.0
3712.0,0.0
3713.0,0.012593678684060361
3714.0,0.0
3715.0,0.0
3716.0,0.0
3717.0,0.013925895275779252
3718.0,0.008137337288187085
3719.0,0.0
3720.0,0.014014050168423256
3721.0,0.0
3722.0,0.00495710581875268
3723.0,0.00971470144038033
3724.0,0.018220675115882125
3725.0,0.03724670998608638
3726.0,0.036575738335696696
3727.0,0.06447167436588555
3728.0,0.023639127957421305
3729.0,0.01083894927776635
3730.0,0.0
3731.0,0.03074633561676811
3732.0,0.018485395931374358
3733.0,0.0
3734.0,0.0
3735.0,0.0008155513821078402
3736.0,0.0016078376603207928
3737.0,0.0
3738.0,0.0013416799901486733
3739.0,0.0
3740.0,0.016904702022727845
3741.0,0.03406432582940134
3742.0,0.0
3743.0,0.012406774755955599
3744.0,0.03239863903012957
3745.0,0.06079957443136869
3746.0,0.0
3747.0,0.0
3748.0,0.0247972437323882
3749.0,0.0
3750.0,0.0
3751.0,0.010644952029426332
3752.0,0.0
3753.0,0.011861273640614496
3754.0,0.003255668293770642
3755.0,0.02175601549816505
3756.0,0.022994334418236707
3757.0,0.0
3758.0,0.044585629968349576
3759.0,0.0
3760.0,0.0
3761.0,0.01349719170230939
3762.0,0.05270297915198391
3763.0,0.0
3764.0,0.002638478365850208
3765.0,0.0
3766.0,0.023720935659877946
3767.0,0.027221891391074237
3768.0,0.0
3769.0,0.0
3770.0,0.0
3771.0,0.02749702675860214
3772.0,0.0497714516187676
3773.0,0.005783663203575738
3774.0,0.0
3775.0,1.9109924714005183e-05
3776.0,0.006528397507998506
3777.0,0.0
3778.0,0.01569693909235834
3779.0,0.0
3780.0,0.024625767001363184
3781.0,0.0
3782.0,0.0
3783.0,0.0
3784.0,0.010384073517982777
3785.0,0.0
3786.0,0.01919787858200769
3787.0,0.0
3788.0,0.024969804574097768
3789.0,0.013086858405387298
3790.0,0.025126223568354113
3791.0,0.0
3792.0,0.03755046325726981
3793.0,0.0
3794.0,0.023227937123274388
3795.0,0.004434733319332311
3796.0,0.0034937899562882736
3797.0,0.022946127016870682
3798.0,0.01879643921791342
3799.0,0.023473534417019562
3800.0,0.04103346886345683
3801.0,0.035718000538780124
3802.0,0.006216614333309201
3803.0,0.019877084423680552
3804.0,0.04406442784409512
3805.0,0.0
3806.0,0.0
3807.0,0.0
3808.0,0.0
3809.0,0.03453283087268949
3810.0,0.012439304497564443
3811.0,0.0039962105352705085
3812.0,0.0
3813.0,0.01430496982363548
3814.0,0.0
3815.0,0.04311764411737353
3816.0,0.012233797517397678
3817.0,0.0
3818.0,0.04704162461891209
3819.0,0.03692053607385222
3820.0,0.0
3821.0,0.006128920075058602
3822.0,0.011922739817716107
3823.0,0.0
3824.0,0.006648997802399135
3825.0,0.022297749176387438
3826.0,0.0
3827.0,0.0424296891462909
3828.0,0.012904925144166515
3829.0,0.05425587556070322
3830.0,0.0
3831.0,0.0
3832.0,0.01325831695295344
3833.0,0.0161732267532532
3834.0,0.0
3835.0,0.03290355107631781
3836.0,0.021459724242233257
3837.0,0.0
3838.0,0.0019131807913453666
3839.0,0.018430835651710508
3840.0,0.001817388105120693
3841.0,0.028918697158528343
3842.0,0.021408376100931385
3843.0,0.0
3844.0,0.0
3845.0,0.0
3846.0,0.025739100161296186
3847.0,0.005609202887002949
3848.0,0.0
3849.0,0.015986143424601702
3850.0,0.004923028786127575
3851.0,0.0
3852.0,0.03140653751029201
3853.0,0.02823826076419417
3854.0,0.008388540032994645
3855.0,0.013131773783528195
3856.0,0.031105779185233016
3857.0,0.035476227977444
3858.0,0.028136402730503454
3859.0,0.0
3860.0,0.005719263539219816
3861.0,0.0
3862.0,0.012112321276487172
3863.0,0.0
3864.0,0.044133996302201314
3865.0,0.0
3866.0,0.019952635826922135
3867.0,0.0
3868.0,0.0
3869.0,0.007240808495813824
3870.0,0.04137502540045963
3871.0,0.0
3872.0,0.0
3873.0,0.015939647212825408
3874.0,0.03565809693833476
3875.0,0.0
3876.0,0.012713250791969112
3877.0,0.047059256823510594
3878.0,0.0
3879.0,0.0015755889602485772
3880.0,0.0
3881.0,0.0
3882.0,0.0006733147447599077
3883.0,0.02326225680170052
3884.0,0.03770212762460368
3885.0,0.00676373323437255
3886.0,0.0
3887.0,0.019999396968126665
3888.0,0.04821645093266756
3889.0,0.0
3890.0,0.0
3891.0,0.0
3892.0,0.022862299268525847
3893.0,0.0
3894.0,0.0
3895.0,0.02516128509007164
3896.0,0.0
3897.0,0.0
3898.0,0.0
3899.0,0.0
3900.0,0.011552505165404275
3901.0,0.0023702074033029644
3902.0,0.0
3903.0,0.00036126403951782605
3904.0,0.010360087622118389
3905.0,0.0
3906.0,0.0011397754241846516
3907.0,0.004473792122583387
3908.0,0.0245077694242795
3909.0,0.04350093877805401
3910.0,0.020793689378033782
3911.0,0.0025194305036506685
3912.0,0.014689181284198433
3913.0,0.033426067219495925
3914.0,0.02011225357843242
3915.0,0.0
3916.0,0.016758484332382147
3917.0,0.031040091921370236
3918.0,0.023770433978075864
3919.0,0.0
3920.0,0.0
3921.0,0.0019053556075978452
3922.0,0.0
3923.0,0.01522195029356369
3924.0,0.0
3925.0,0.0
3926.0,0.03429448301677637
3927.0,0.012923146058340128
3928.0,0.009756688717670948
3929.0,0.0
3930.0,0.0006303001208280896
3931.0,0.0026436749173103105
3932.0,0.0
3933.0,0.0
3934.0,0.027173646899203107
3935.0,0.01741326432855712
3936.0,0.03360913215972183
3937.0,0.0
3938.0,0.0020700793436004626
3939.0,0.03850383426969579
3940.0,0.032572219338575736
3941.0,0.02618015565244945
3942.0,0.0
3943.0,0.0104795877749473
3944.0,0.01004944325468677
3945.0,0.0
3946.0,0.0
3947.0,0.0
3948.0,0.0
3949.0,0.0
3950.0,0.03383571699159841
3951.0,0.0
3952.0,0.008608865673361448
3953.0,0.015226910589035022
3954.0,0.01020192221792347
3955.0,0.0
3956.0,0.0
3957.0,0.02096031495808815
3958.0,0.029387634023094356
3959.0,0.0
3960.0,0.003018716473981104
3961.0,0.02030567078117575
3962.0,0.0
3963.0,0.01578048813166115
3964.0,0.017383027503431025
3965.0,0.0
3966.0,0.0
3967.0,0.026329731726352456
3968.0,0.03919767600563944
3969.0,0.0
3970.0,0.0015330707275376919
3971.0,0.0
3972.0,0.04170725476163321
3973.0,0.0
3974.0,0.020680163197280634
3975.0,0.00242524329767599
3976.0,0.016109375289384834
3977.0,0.0
3978.0,0.02876168088624346
3979.0,0.007848575321323294
3980.0,0.0055582485786988545
3981.0,0.005289751975042846
3982.0,0.018568333576214683
3983.0,0.011335996308991236
3984.0,0.007633860028556756
3985.0,0.014632808449732936
3986.0,0.0011939640740163202
3987.0,0.026676120960391854
3988.0,0.0
3989.0,0.0
3990.0,0.015292616348459537
3991.0,0.015576405884296991
3992.0,0.0
3993.0,0.008504909012013976
3994.0,0.006927323726564208
3995.0,0.013879816690649903
3996.0,0.0
3997.0,0.0
3998.0,0.0
3999.0,0.04667897589152543
4000.0,0.0
