raman_shift_cm-1,intensity_normalized,first_derivative_normalized,valid_mask
0.0,0.0,0.0,0
0.9758478,0.0,0.0,0
1.9516956,0.0,0.0,0
2.9275434,0.0,0.0,0
3.9033911,0.0,0.0,0
4.8792386,0.0,0.0,0
5.855087,0.0,0.0,0
6.8309345,0.0,0.0,0
7.8067822,0.0,0.0,0
8.78263,0.0,0.0,0
9.758477,0.0,0.0,0
10.734325,0.0,0.0,0
11.710174,0.0,0.0,0
12.686021,0.0,0.0,0
13.661869,0.0,0.0,0
14.637716,0.0,0.0,0
15.6135645,0.0,0.0,0
16.589413,0.0,0.0,0
17.56526,0.0,0.0,0
18.541107,0.0,0.0,0
19.516954,0.0,0.0,0
20.492804,0.0,0.0,0
21.46865,0.0,0.0,0
22.444498,0.0,0.0,0
23.420347,0.0,0.0,0
24.396194,0.0,0.0,0
25.372042,0.0,0.0,0
26.347889,0.0,0.0,0
27.323738,0.0,0.0,0
28.299585,0.0,0.0,0
29.275433,0.0,0.0,0
30.251282,0.0,0.0,0
31.227129,0.0,0.0,0
32.202976,0.0,0.0,0
33.178825,0.0,0.0,0
34.15467,0.0,0.0,0
35.13052,0.0,0.0,0
36.10637,0.0,0.0,0
37.082214,0.0,0.0,0
38.058064,0.0,0.0,0
39.03391,0.0,0.0,0
40.009758,0.0,0.0,0
40.985607,0.0,0.0,0
41.961452,0.0,0.0,0
42.9373,0.0,0.0,0
43.91315,0.0,0.0,0
44.888996,0.0,0.0,0
45.864845,0.0,0.0,0
46.840694,0.0,0.0,0
47.81654,0.0,0.0,0
48.79239,0.0,0.0,0
49.768234,0.0,0.0,0
50.744083,0.0,0.0,0
51.719933,0.0,0.0,0
52.695778,0.0,0.0,0
53.671627,0.0,0.0,0
54.647476,0.0,0.0,0
55.62332,0.0,0.0,0
56.59917,0.0,0.0,0
57.57502,0.0,0.0,0
58.550865,0.0,0.0,0
59.526714,0.0,0.0,0
60.502563,0.0,0.0,0
61.47841,0.0,0.0,0
62.454258,0.0,0.0,0
63.430103,0.0,0.0,0
64.40595,0.0,0.0,0
65.3818,0.0,0.0,0
66.35765,0.0,0.0,0
67.333496,0.0,0.0,0
68.30934,0.0,0.0,0
69.285194,0.0,0.0,0
70.26104,0.0,0.0,0
71.236885,0.0,0.0,0
72.21274,0.0,0.0,0
73.18858,0.0,0.0,0
74.16443,0.0,0.0,0
75.14028,0.0,0.0,0
76.11613,0.0,0.0,0
77.09197,0.0,0.0,0
78.06782,0.0,0.0,0
79.04367,0.0,0.0,0
80.019516,0.0,0.0,0
80.99536,0.0,0.0,0
81.971214,0.0,0.0,0
82.94706,0.0,0.0,0
83.922905,0.0,0.0,0
84.89876,0.0,0.0,0
85.8746,0.0,0.0,0
86.85045,0.0,0.0,0
87.8263,0.0,0.0,0
88.80215,0.0,0.0,0
89.77799,0.0,0.0,0
90.753845,0.0,0.0,0
91.72969,0.0,0.0,0
92.705536,0.0,0.0,0
93.68139,0.0,0.0,0
94.657234,0.0,0.0,0
95.63308,0.0,0.0,0
96.60893,0.0,0.0,0
97.58478,0.0,0.0,0
98.56062,0.0,0.0,0
99.53647,0.0,0.0,0
100.51232,0.0,0.0,0
101.48817,0.0,0.0,0
102.46401,0.0,0.0,0
103.439865,0.0,0.0,0
104.41571,0.0,0.0,0
105.391556,0.0,0.0,0
106.36741,0.0,0.0,0
107.343254,0.0,0.0,0
108.3191,0.0,0.0,0
109.29495,0.0,0.0,0
110.2708,0.0,0.0,0
111.24664,0.0,0.0,0
112.222496,0.0,0.0,0
113.19834,0.0,0.0,0
114.17419,0.0,0.0,0
115.15004,0.0,0.0,0
116.125885,0.0,0.0,0
117.10173,0.0,0.0,0
118.07758,0.0,0.0,0
119.05343,0.0,0.0,0
120.029274,0.0,0.0,0
121.00513,0.0,0.0,0
121.98097,0.0,0.0,0
122.95682,0.0,0.0,0
123.93266,0.0,0.0,0
124.908516,0.0,0.0,0
125.88436,0.0,0.0,0
126.86021,0.0,0.0,0
127.83606,0.0,0.0,0
128.8119,0.0,0.0,0
129.78775,0.0,0.0,0
130.7636,0.0,0.0,0
131.73946,0.0,0.0,0
132.7153,0.0,0.0,0
133.69115,0.0,0.0,0
134.66699,0.0,0.0,0
135.64284,0.0,0.0,0
136.61868,0.0,0.0,0
137.59453,0.0,0.0,0
138.57039,0.0,0.0,0
139.54623,0.0,0.0,0
140.52208,0.0,0.0,0
141.49792,0.0,0.0,0
142.47377,0.0,0.0,0
143.44962,0.0,0.0,0
144.42548,0.0,0.0,0
145.40132,0.0,0.0,0
146.37717,0.0,0.0,0
147.35301,0.0,0.0,0
148.32886,0.0,0.0,0
149.3047,0.0,0.0,0
150.28056,0.0,0.0,0
151.25641,0.0,0.0,0
152.23225,0.0,0.0,0
153.2081,0.0,0.0,0
154.18394,0.0,0.0,0
155.15979,0.0,0.0,0
156.13564,0.0,0.0,0
157.1115,0.0,0.0,0
158.08734,0.0,0.0,0
159.06319,0.0,0.0,0
160.03903,0.0,0.0,0
161.01488,0.0,0.0,0
161.99072,0.0,0.0,0
162.96658,0.0,0.0,0
163.94243,0.0,0.0,0
164.91827,0.0,0.0,0
165.89412,0.0,0.0,0
166.86996,0.0,0.0,0
167.84581,0.0,0.0,0
168.82167,0.0,0.0,0
169.79752,0.0,0.0,0
170.77336,0.0,0.0,0
171.7492,0.0,0.0,0
172.72505,0.0,0.0,0
173.7009,0.0,0.0,0
174.67676,0.0,0.0,0
175.6526,0.0,0.0,0
176.62845,0.0,0.0,0
177.6043,0.0,0.0,0
178.58014,0.0,0.0,0
179.55598,0.0,0.0,0
180.53183,0.0,0.0,0
181.50769,0.0,0.0,0
182.48354,0.0,0.0,0
183.45938,0.0,0.0,0
184.43523,0.0,0.0,0
185.41107,0.0,0.0,0
186.38692,0.0,0.0,0
187.36278,0.0,0.0,0
188.33862,0.0,0.0,0
189.31447,0.0,0.0,0
190.29031,0.0,0.0,0
191.26616,0.0,0.0,0
192.242,0.0,0.0,0
193.21786,0.0,0.0,0
194.19371,0.0,0.0,0
195.16956,0.0,0.0,0
196.1454,0.0,0.0,0
197.12125,0.0,0.0,0
198.09709,0.0,0.0,0
199.07294,0.0,0.0,0
200.0488,0.13844337,0.4038035,1
201.02464,0.0938345,-0.113554984,1
202.00049,0.11205685,0.25037247,1
202.97633,0.15201297,0.061504673,1
203.95218,0.12634856,-0.39797348,1
204.92802,0.059536777,0.057909098,1
205.90388,0.13980715,0.070128694,1
206.87973,0.07583481,-0.084136724,1
207.85558,0.12025648,0.14106318,1
208.83142,0.10861334,-0.107825294,1
209.80727,0.095201366,0.15345386,1
210.78311,0.14427108,0.22414824,1
211.75897,0.14728586,-0.05904853,1
212.73482,0.13055031,-0.19267376,1
213.71066,0.10251469,-0.09558894,1
214.68651,0.10833853,0.051766265,1
215.66235,0.114543505,0.048634868,1
216.6382,0.1196397,0.040018965,1
217.61406,0.123842664,0.05375742,1
218.5899,0.13213123,-0.0715422,1
219.56575,0.10721856,-0.05635005,1
220.5416,0.1190373,-0.04816706,1
221.51744,0.09602609,0.09265298,1
222.49329,0.14056687,0.35110906,1
223.46913,0.17761251,-0.042909026,1
224.44499,0.13059479,-0.20580773,1
225.42084,0.12978835,0.017508281,1
226.39668,0.13466315,-0.017686317,1
227.37253,0.12567863,0.12086328,1
228.34837,0.16274789,-0.12845944,1
229.32422,0.095828794,-0.24150534,1
230.30008,0.10663061,0.13859719,1
231.27592,0.12803441,0.07563475,1
232.25177,0.12420568,-0.011153745,1
233.22762,0.12544264,-0.12878418,1
234.20346,0.09428039,-0.03146376,1
235.1793,0.11813147,0.08242235,1
236.15517,0.113432385,0.08630964,1
237.13101,0.13818675,-0.022936186,1
238.10686,0.108102754,-0.042560466,1
239.0827,0.12829708,-0.13714373,1
240.05855,0.076234974,0.02759212,1
241.0344,0.1347086,0.11634733,1
242.01025,0.10326914,0.0015538246,1
242.9861,0.13506867,0.031300116,1
243.96194,0.110542275,-0.12826388,1
244.93779,0.105264276,0.12819013,1
245.91364,0.14032952,0.1327537,1
246.88948,0.13611196,0.050408687,1
247.86533,0.15204288,-0.114741564,1
248.84119,0.10944858,-0.10714813,1
249.81703,0.12714398,0.097409315,1
250.79288,0.13208337,0.01068109,1
251.76872,0.12962592,-0.07953793,1
252.74457,0.11360132,-0.003511093,1
253.72041,0.12881005,-0.04832163,1
254.69627,0.102372184,-0.23427603,1
255.67212,0.07437147,-0.08973244,1
256.64795,0.08152088,0.0780653,1
257.6238,0.092511445,0.296465,1
258.59967,0.15041086,-0.03041898,1
259.5755,0.0854469,-0.22837834,1
260.55136,0.097345494,0.13557984,1
261.5272,0.11695104,0.13159868,1
262.50305,0.1279245,0.004230996,1
263.4789,0.117934205,-0.17321534,1
264.45474,0.08767549,0.08246622,1
265.4306,0.13709918,0.17791136,1
266.40643,0.12901816,-0.2268804,1
267.3823,0.08437834,-0.18068622,1
268.35812,0.087031044,0.14217004,1
269.33398,0.11741493,-0.09890695,1
270.30984,0.0640479,0.018236008,1
271.28568,0.12164892,0.32100007,1
272.26154,0.13863668,-0.13315004,1
273.23737,0.09071119,-0.24488446,1
274.21323,0.08173464,0.121482775,1
275.18906,0.11893843,0.10119707,1
276.16492,0.10524798,-0.117530406,1
277.14078,0.09162773,-0.008960775,1
278.1166,0.10316501,-0.01613537,1
279.09247,0.08787755,-0.078867085,1
280.0683,0.084838465,0.19471976,1
281.04416,0.13312574,-0.023315692,1
282.02002,0.07942056,-0.19456664,1
282.99585,0.0879128,0.121671446,1
283.9717,0.10769343,0.2559426,1
284.94754,0.14738499,-0.024704123,1
285.9234,0.10195031,-0.16433558,1
286.89923,0.10919707,-0.0025514201,1
287.8751,0.10135697,-0.057221673,1
288.85095,0.095900394,-0.005578781,1
289.82678,0.100060344,-0.012482538,1
290.80264,0.092999496,0.00065707444,1
291.77847,0.10021259,0.09378921,1
292.75433,0.1147933,0.08321226,1
293.73016,0.11954875,-0.11137784,1
294.70602,0.08891157,-0.08425785,1
295.6819,0.09996964,0.07262159,1
296.6577,0.10578666,0.10051143,1
297.63358,0.123325616,0.110868014,1
298.6094,0.1315491,-0.09544601,1
299.58527,0.10114583,-0.09113295,1
300.56113,0.110372424,0.15130332,1
301.53696,0.13630332,0.07325229,1
302.51282,0.12739278,0.03732596,1
303.48865,0.14497586,0.09133836,1
304.4645,0.14861642,-0.005627311,1
305.44034,0.14366852,-0.072420366,1
306.4162,0.13178803,-0.000527975,1
307.39206,0.14354582,0.31127158,1
308.3679,0.20411597,0.050167322,1
309.34375,0.15519966,-0.08135896,1
310.31958,0.18520834,0.07238107,1
311.29544,0.17201732,0.08774366,1
312.27127,0.20559569,0.094817035,1
313.24713,0.19404832,-0.044817485,1
314.223,0.19518138,-0.05490633,1
315.19882,0.18129034,0.1261645,1
316.17468,0.2244997,0.29210213,1
317.1505,0.24916607,0.23553592,1
318.12637,0.2792308,0.01193873,1
319.10223,0.2519403,0.030196514,1
320.07806,0.28624558,0.19332057,1
321.05392,0.29686102,0.17213036,1
322.02975,0.32624254,-0.074419506,1
323.0056,0.27956593,-0.09864578,1
323.98145,0.30331826,0.07803129,1
324.9573,0.29769695,-0.084637076,1
325.93317,0.28365102,-0.2739727,1
326.909,0.23403567,-0.36340967,1
327.88486,0.19920678,-0.13956775,1
328.8607,0.20160349,-0.21979836,1
329.83655,0.14813097,-0.0029816162,1
330.8124,0.20091064,0.1708219,1
331.78824,0.18782654,-0.16898166,1
332.7641,0.16164432,-0.33267292,1
333.73993,0.11052488,-0.10157489,1
334.7158,0.13804404,-0.0070554153,1
335.69162,0.10888721,-0.028257143,1
336.66748,0.13147962,-0.019250717,1
337.64334,0.1044139,0.07516563,1
338.61917,0.14894345,0.28185293,1
339.59503,0.16990668,-0.11599298,1
340.57086,0.12199259,-0.13445002,1
341.54672,0.13866684,0.115274325,1
342.52255,0.14877884,0.074465126,1
343.4984,0.15597004,0.012517269,1
344.47427,0.1516875,0.10111,1
345.4501,0.17946373,-0.14921263,1
346.42596,0.11701246,-0.09746354,1
347.4018,0.15681316,0.21354948,1
348.37766,0.16663352,0.08882833,1
349.35352,0.17745432,-0.04726512,1
350.32935,0.15565166,0.18504256,1
351.3052,0.22045492,0.21004298,1
352.28104,0.20446141,0.10336038,1
353.2569,0.24447428,0.1976739,1
354.23273,0.25039554,-0.01706898,1
355.2086,0.24050747,-0.022755552,1
356.18445,0.2451078,0.18760096,1
357.16028,0.2840988,0.1804026,1
358.13614,0.28702638,0.009075888,1
359.11197,0.28620785,0.042430613,1
360.08783,0.2968862,-0.005706911,1
361.06366,0.2848825,-0.10539237,1
362.03952,0.2723964,-0.29233167,1
363.01538,0.21695296,-0.0984663,1
363.9912,0.24951325,-0.08101534,1
364.96707,0.19812497,-0.23568492,1
365.9429,0.19474621,-0.10658643,1
366.91876,0.17335714,0.08490153,1
367.89462,0.2144749,0.3061948,1
368.87045,0.24450731,-0.15789162,1
369.8463,0.17778294,-0.26538557,1
370.82214,0.18283804,0.16416349,1
371.798,0.2159301,-0.10324805,1
372.77383,0.15884936,-0.1996251,1
373.7497,0.16954578,0.27933693,1
374.72556,0.22375926,0.18734038,1
375.7014,0.21307968,-0.057126243,1
376.67725,0.2104852,0.27294573,1
377.65308,0.27650133,0.2382084,1
378.62894,0.26583472,-0.19014333,1
379.60477,0.23231888,0.14778243,1
380.58063,0.30017772,0.421348,1
381.5565,0.3302281,0.119221844,1
382.53232,0.32788208,0.26127344,1
383.50818,0.39094162,0.40337425,1
384.484,0.4216143,0.230821,1
385.45987,0.4445767,0.34046346,1
386.43573,0.50072825,0.3577758,1
387.41156,0.5277132,0.27053246,1
388.38742,0.56359154,0.2879906,1
389.36325,0.5946331,0.10987912,1
390.3391,0.5891227,-0.12776105,1
391.31494,0.5649461,-0.47518075,1
392.2908,0.47870412,-0.61767405,1
393.26666,0.42141634,-0.6283056,1
394.2425,0.33270717,-0.60871255,1
395.21835,0.27997226,-0.6161564,1
396.19418,0.1895335,-0.37697414,1
397.17004,0.19237852,-0.006938081,1
398.14587,0.18792155,-0.25123787,1
399.12173,0.1339974,-0.19065578,1
400.0976,0.1436186,-0.029442381,1
401.07343,0.12715676,-0.14550905,1
402.0493,0.10980696,-0.05348364,1
403.02512,0.1147282,-0.106817625,1
404.00098,0.084984906,-0.04159197,1
404.97684,0.105063416,0.06534658,1
405.95267,0.10017013,-0.033766992,1
406.92853,0.097217105,-3.0288003e-05,1
407.90436,0.10016291,0.01874524,1
408.88022,0.101572834,-0.033795092,1
409.85605,0.09231036,0.025301686,1
410.8319,0.107452884,-0.17059161,1
411.80777,0.052669756,0.17267232,1
412.7836,0.14757168,-0.028657395,1
413.75946,0.046004556,-0.26092365,1
414.7353,0.08693701,0.2514581,1
415.71115,0.104434565,-0.0780459,1
416.687,0.06880138,-0.14257124,1
417.66284,0.071304426,-0.16227596,1
418.6387,0.031092351,0.17145413,1
419.61453,0.11114108,0.19963564,1
420.5904,0.07747767,-0.22515598,1
421.56622,0.058821633,-0.050950836,1
422.54208,0.06563914,0.07984248,1
423.51794,0.07737474,0.09297522,1
424.49377,0.08724365,0.029479709,1
425.46964,0.08422446,-0.035529926,1
426.44547,0.07898772,-0.12060315,1
427.42133,0.05619963,-0.12437961,1
428.39716,0.050085388,0.022560183,1
429.37302,0.061442424,0.028919771,1
430.34888,0.056805514,0.11122838,1
431.3247,0.087287225,0.006682823,1
432.30057,0.058356524,-0.0064847306,1
433.2764,0.085778624,0.21646388,1
434.25226,0.108655594,-0.1626338,1
435.22812,0.047987185,-0.2383777,1
436.20395,0.053262252,0.07746606,1
437.1798,0.06598803,-0.11170186,1
438.15564,0.027307952,-0.05608187,1
439.1315,0.052958418,0.1464528,1
440.10733,0.0613394,0.02691765,1
441.0832,0.05921288,0.10366423,1
442.05905,0.085428,-0.054820318,1
443.03488,0.04647645,-0.0495967,1
444.01074,0.0739054,0.058775295,1
444.98657,0.060135227,-0.17571764,1
445.96243,0.033073872,-0.084591076,1
446.93826,0.040477917,0.20879395,1
447.91412,0.0815919,0.13932174,1
448.88998,0.072852306,-0.30699694,1
449.8658,0.010257408,0.04948581,1
450.84167,0.08435548,0.22007993,1
451.8175,0.061399914,-0.017274769,1
452.79337,0.08034269,-0.14760467,1
453.76923,0.027100816,-0.03697361,1
454.74506,0.07174816,0.1433993,1
455.72092,0.060420435,-0.09272563,1
456.69675,0.050201688,-0.010301864,1
457.6726,0.058027174,0.20699021,1
458.64844,0.09829852,0.0561686,1
459.6243,0.07107683,-0.26676428,1
460.60016,0.03631014,0.020667307,1
461.576,0.07587692,0.08442249,1
462.55185,0.05592534,-0.0051881033,1
463.52768,0.07467017,-0.15600571,1
464.50354,0.019672334,0.004253493,1
465.47937,0.07565508,0.13635372,1
466.45523,0.051354025,-0.10296375,1
467.4311,0.05172925,-0.10782042,1
468.40692,0.02630085,-0.07281461,1
469.38278,0.034810543,0.067417614,1
470.3586,0.041966572,0.1635703,1
471.33447,0.07281974,0.035820898,1
472.31033,0.050290324,-0.04664994,1
473.28616,0.061978735,-0.04932259,1
474.26202,0.038828254,0.08861807,1
475.23785,0.08256862,-0.073130816,1
476.2137,0.021831743,0.00981688,1
477.18954,0.084845886,0.40151015,1
478.1654,0.11512871,-0.18338668,1
479.14127,0.04223207,-0.25513506,1
480.1171,0.055840857,0.15892,1
481.09296,0.07916024,-0.00890835,1
482.0688,0.05377237,-0.121387325,1
483.04465,0.050954446,-0.012376701,1
484.0205,0.05089638,0.020123845,1
484.99634,0.055630434,-0.030086298,1
485.9722,0.043904778,0.13005428,1
486.94803,0.08584917,0.17442293,1
487.9239,0.084433675,-0.17436405,1
488.89972,0.045333777,-0.1960715,1
489.87558,0.038874,0.00640912,1
490.85144,0.046823073,0.03045293,1
491.82727,0.045950558,-0.087984264,1
492.80313,0.026377782,-0.02750739,1
493.77896,0.039557707,0.14092608,1
494.75482,0.059124652,0.0309894,1
495.73065,0.046759643,-0.15498033,1
496.7065,0.023111869,0.093645625,1
497.68237,0.0685202,0.10872962,1
498.6582,0.04837918,0.10247977,1
499.63406,0.092335194,0.0075085466,1
500.6099,0.050126623,-0.10758271,1
501.58575,0.0673383,-0.029082287,1
502.5616,0.043368734,0.0160242,1
503.53745,0.071060196,0.25623998,1
504.5133,0.102910765,-0.118806325,1
505.48914,0.043456297,-0.2164993,1
506.465,0.052605458,0.18883838,1
507.44083,0.087335445,0.014361223,1
508.4167,0.055940468,-0.008453701,1
509.39255,0.08537105,-0.10409216,1
510.36838,0.03175541,-0.20813175,1
511.34424,0.037009783,0.12907815,1
512.32007,0.0617484,0.18137854,1
513.2959,0.07915564,0.0039667273,1
514.2718,0.06266804,-0.2908009,1
515.2476,0.011583997,0.053527884,1
516.22345,0.075106,0.22890966,1
517.19934,0.06477143,0.013933514,1
518.1752,0.078342244,-0.08167204,1
519.151,0.04579378,-0.17842484,1
520.12683,0.03688272,-0.047952637,1
521.1027,0.03465138,-0.0029409714,1
522.07855,0.03619908,0.044198208,1
523.0544,0.044921458,0.13517301,1
524.0303,0.06761029,-0.077590995,1
525.0061,0.026895491,-0.004020326,1
525.98193,0.06667612,0.17373349,1
526.9578,0.06726373,0.032316767,1
527.93365,0.07418521,-0.06247253,1
528.9095,0.052747354,-0.06346388,1
529.8853,0.05943848,0.033087283,1
530.8612,0.06043554,0.03234729,1
531.83704,0.06695472,-0.15467596,1
532.81287,0.024494402,0.043107558,1
533.78876,0.076977625,0.13535503,1
534.7646,0.055951625,-0.19217588,1
535.7404,0.03232285,-0.049695168,1
536.71625,0.04440425,0.03697228,1
537.69214,0.040913176,0.08027851,1
538.66797,0.06305707,0.30780146,1
539.6438,0.11243518,-0.13521327,1
540.6197,0.031629242,-0.29435703,1
541.5955,0.0440292,0.08921651,1
542.57135,0.052359954,-0.042447463,1
543.5472,0.034165934,-0.07641827,1
544.5231,0.034603704,-0.03906598,1
545.4989,0.02508874,-0.0017134937,1
546.47473,0.03420555,0.2771664,1
547.4506,0.08949717,0.14595522,1
548.42645,0.06812615,-0.10506846,1
549.4023,0.065083034,0.034716655,1
550.3781,0.07619305,-0.067807816,1
551.354,0.049324065,-0.118029706,1
552.32983,0.048764676,0.06693061,1
553.30566,0.06487633,-0.010417603,1
554.28156,0.046341762,0.06248744,1
555.2574,0.07939339,0.19812497,1
556.2332,0.09237889,-0.14748944,1
557.20905,0.045122135,-0.20523563,1
558.18494,0.044690948,-0.042161167,1
559.16077,0.035325643,-0.047821786,1
560.1366,0.033578884,-0.039592445,1
561.1125,0.026125139,0.03959806,1
562.0883,0.042778827,0.20989794,1
563.06415,0.074897885,0.12950356,1
564.04004,0.072869614,-0.1170545,1
565.01587,0.047699213,-0.0755329,1
565.9917,0.055318482,0.07500672,1
566.9675,0.06512808,0.102303065,1
567.9434,0.07909105,0.1950188,1
568.91925,0.11044377,-0.07463239,1
569.8951,0.06174916,-0.3448861,1
570.871,0.030303206,0.014009078,1
571.8468,0.065000325,-0.13041261,1
572.82263,0.0,-0.030654212,1
573.79846,0.057877388,0.20422184,1
574.77435,0.047451034,-0.09980257,1
575.7502,0.03468627,-0.03722959,1
576.726,0.038800213,-0.003700878,1
577.7019,0.03382573,-0.07490016,1
578.67773,0.021396026,0.043026064,1
579.65356,0.04382344,-0.08479554,1
580.6294,0.0016925845,-0.033484153,1
581.6053,0.03604747,0.14748546,1
582.5811,0.035966136,-0.11435754,1
583.55695,0.009474883,0.023322701,1
584.53284,0.04138932,0.026004719,1
585.50867,0.015521247,-0.04021998,1
586.4845,0.03204364,0.14406823,1
587.4603,0.04899753,0.019849125,1
588.4362,0.036654178,-0.036274172,1
589.41205,0.040567428,-0.13047987,1
590.3879,0.0063353395,0.011156045,1
591.3638,0.043164223,0.12056734,1
592.3396,0.03435459,-0.11834376,1
593.3154,0.015665382,-0.042604778,1
594.2913,0.024456179,0.15435039,1
595.26715,0.05153085,0.0083259,1
596.243,0.026390819,-0.08673674,1
597.2188,0.031376347,-0.018072505,1
598.1947,0.022190401,-0.009256443,1
599.17053,0.0292244,0.018564325,1
600.14636,0.026504084,-0.12575953,1
601.12225,0.0,-0.09863069,1
602.0981,0.003583254,0.10578494,1
603.0739,0.02458062,0.057444684,1
604.04974,0.016931336,-0.058051683,1
605.02563,0.011091187,0.07190502,1
606.00146,0.033638228,0.032151278,1
606.9773,0.01856199,-0.11525087,1
607.9532,0.006857437,-0.031785823,1
608.929,0.011174871,0.08487337,1
609.90485,0.02657896,0.14641172,1
610.8807,0.04519569,-0.0045493334,1
611.85657,0.02551943,-0.06387106,1
612.8324,0.03035235,0.13395746,1
613.8082,0.056646336,0.13931043,1
614.7841,0.06272285,-0.11511446,1
615.75995,0.029899463,-0.065022804,1
616.7358,0.04761388,0.1934991,1
617.7116,0.074861705,-0.03426778,1
618.6875,0.03964713,-0.026000999,1
619.6633,0.06881578,0.09960817,1
620.63916,0.062792495,-0.15855289,1
621.61505,0.031971086,-0.11620887,1
622.5909,0.03578671,-0.09200781,1
623.5667,0.010591775,0.007986724,1
624.54254,0.03764254,0.27256054,1
625.51843,0.07392762,-0.065374956,1
626.49426,0.022456756,-0.07828601,1
627.4701,0.05573676,0.3424964,1
628.446,0.10204393,-0.13147648,1
629.4218,0.02519309,-0.24730389,1
630.39764,0.044579383,0.15564194,1
631.37354,0.061359663,-0.028961198,1
632.34937,0.037852146,0.034707267,1
633.3252,0.06942439,-0.11051584,1
634.301,0.012172231,0.058230408,1
635.2769,0.08296349,0.17108247,1
636.25275,0.051933262,-0.15487443,1
637.2286,0.04697623,0.051046208,1
638.20447,0.063796304,0.09159471,1
639.1803,0.06826098,0.052372746,1
640.1561,0.075965844,0.057480216,1
641.13196,0.081617326,-0.053339116,1
642.10785,0.06356989,0.016926207,1
643.0837,0.085547976,0.043927055,1
644.0595,0.07377696,0.048206016,1
645.0354,0.09675186,-0.0102381585,1
646.0112,0.071400926,0.067622975,1
646.98706,0.11246501,0.13015275,1
647.9629,0.10164375,0.19161725,1
648.9388,0.15699552,0.19903775,1
649.9146,0.14789844,0.28105173,1
650.89044,0.22230186,0.44795457,1
651.86633,0.2519875,0.2316986,1
652.84216,0.2761423,0.23485368,1
653.818,0.30655906,0.1630496,1
654.7938,0.3140292,0.3008515,1
655.7697,0.3764718,0.39274794,1
656.74554,0.40529463,0.36744982,1
657.7214,0.46185392,0.3484815,1
658.69727,0.48626977,0.7846205,1
659.6731,0.64416885,0.6399146,1
660.6489,0.6349629,0.48657054,1
661.6248,0.7572422,0.90990245,1
662.60065,0.84640026,0.53318775,1
663.5765,0.8811359,0.4189517,1
664.5523,0.9437496,0.5115281,1
665.5282,1.0,0.10022651,1
666.504,0.9670449,-0.3989283,1
667.47986,0.9073034,-0.58166784,1
668.45575,0.83188105,-0.96565944,1
669.4316,0.68291634,-1.0,1
670.4074,0.599517,-0.8449616,1
671.38324,0.48657763,-0.8407976,1
672.35913,0.4041417,-0.53677064,1
673.33496,0.36184496,-0.5183592,1
674.3108,0.28369364,-0.55378914,1
675.2867,0.23316197,-0.20818134,1
676.2625,0.23531495,-0.44956535,1
677.23834,0.12869912,-0.409554,1
678.2142,0.14014931,-0.049624108,1
679.19006,0.11716576,-0.017733313,1
680.1659,0.13602597,-0.11121092,1
681.1417,0.09132434,-0.18780865,1
682.1176,0.092387475,-0.13608328,1
683.09344,0.05970458,-0.03352985,1
684.0693,0.084596336,0.11994203,1
685.0451,0.0875748,-0.19524191,1
686.021,0.039224498,-0.13880073,1
686.9968,0.055317458,0.05512631,1
687.97266,0.052033875,0.04808565,1
688.94855,0.066492304,-0.033786442,1
689.9244,0.04418517,-0.09284162,1
690.9002,0.044919245,-0.087245055,1
691.87604,0.02391255,0.08084014,1
692.8519,0.063707985,0.058091734,1
693.82776,0.037415538,-0.2741731,1
694.8036,0.0,-0.023201033,1
695.7795,0.032028627,0.06602059,1
696.7553,0.01534434,0.015071521,1
697.73114,0.03553071,-0.036834806,1
698.70703,0.006781927,-0.13053297,1
699.68286,0.0051968857,0.08863912,1
700.6587,0.027378475,0.25987417,1
701.6345,0.065582305,-0.06410441,1
702.6104,0.012476738,-0.03216356,1
703.58624,0.05810224,0.02062583,1
704.5621,0.01726944,-0.17029788,1
705.53796,0.018532524,0.060145967,1
706.5138,0.03124492,0.057755593,1
707.4896,0.03195285,-0.07364624,1
708.46545,0.014132179,-0.12265096,1
709.44135,0.0034527292,-0.060815267,1
710.4172,0.0,0.117090695,1
711.393,0.030660402,1.6505075e-05,1
712.3689,0.0,0.019291738,1
713.3447,0.035139132,0.0,1
714.32056,0.0,-0.01568094,1
715.2964,0.031495444,1.6954595e-05,1
716.2723,0.0,-0.13553078,1
717.2481,0.0,0.037621047,1
718.22394,0.008741781,0.16593467,1
719.1998,0.038559783,-0.037638273,1
720.17566,0.0,-0.16594553,1
721.1515,0.0,0.10112691,1
722.1273,0.023498263,1.264956e-05,1
723.1032,0.0,-0.10111742,1
724.07904,0.0,0.16104555,1
725.0549,0.037421204,0.048916914,1
726.03076,0.01136292,-0.16103657,1
727.0066,0.0,0.08480822,1
727.9824,0.031069307,0.0074235233,1
728.9583,0.0017212355,-0.13369796,1
729.93414,0.0,0.010971477,1
730.91,0.0042706127,0.0,1
731.8858,0.0,0.011902661,1
732.8617,0.007037158,0.15930185,1
733.8375,0.03701575,-0.03028505,1
734.81335,0.0,-0.15930563,1
735.78925,0.0,0.0070118937,1
736.7651,0.0016292614,0.0,1
737.7409,0.0,0.25584567,1
738.71674,0.06107861,0.21845981,1
739.6926,0.05075934,-0.16200505,1
740.66846,0.023434335,-0.18606734,1
741.6443,0.0075239707,-0.100850895,1
742.6202,0.0,-0.032377053,1
743.596,0.0,0.0,1
744.57184,0.0,0.0,1
745.54767,0.0,0.0,1
746.52356,0.0,0.1363425,1
747.4994,0.03168011,0.0,1
748.4752,0.0,-0.1363425,1
749.4511,0.0,0.059452336,1
750.42694,0.013814156,0.24010791,1
751.4028,0.05579246,-0.051282413,1
752.3786,0.0018979642,-0.2401144,1
753.3545,0.0,0.025906034,1
754.3303,0.00791717,0.0,1
755.30615,0.0,-0.034073327,1
756.28204,0.0,0.0,1
757.2579,0.0,0.0,1
758.2337,0.0,0.0,1
759.20953,0.0,0.09132749,1
760.1854,0.021223223,-1.1424862e-05,1
761.16125,0.0,-0.0767891,1
762.1371,0.0033801931,1.819622e-06,1
763.113,0.0,0.07558801,1
764.0888,0.02094316,0.0,1
765.06464,0.0,0.013310287,1
766.0405,0.024038903,0.14821075,1
767.01636,0.034440786,-0.10345361,1
767.9922,0.0,-0.14462245,1
768.968,0.0008357228,0.09592684,1
769.9439,0.02229194,-0.0036082715,1
770.91974,0.0,-0.09593539,1
771.89557,0.0,0.0,1
772.87146,0.0,0.0,1
773.8473,0.0,0.0,1
774.8231,0.0,0.0740595,1
775.79895,0.01720877,0.046642244,1
776.77484,0.010836847,-0.029058583,1
777.7507,0.010456012,-0.021691909,1
778.7265,0.0057964264,-0.044996683,1
779.7024,0.0,0.04584574,1
780.6782,0.01644827,0.0,1
781.65405,0.0,-0.070786625,1
782.6299,0.0,0.0,1
783.6058,0.0,0.065749176,1
784.5816,0.015277269,0.0,1
785.55743,0.0,-0.015939614,1
786.5333,0.011575041,-6.231064e-06,1
787.50916,0.0,-0.049814243,1
788.485,0.0,0.0108699305,1
789.4608,0.0025257815,1.359676e-06,1
790.4367,0.0,-0.0069535226,1
791.41254,0.00090976694,0.0016427562,1
792.38837,0.00038171755,-0.003915182,1
793.36426,0.0,0.03287772,1
794.3401,0.008021032,0.01903609,1
795.3159,0.004423304,-0.034519244,1
796.29175,0.0,-0.019036688,1
797.26764,0.0,0.008765598,1
798.24347,0.0020367466,0.033899125,1
799.2193,0.007876939,-0.0087613575,1
800.1952,0.0,0.0265881,1
801.171,0.014053879,0.0,1
802.14685,0.0,-0.022789845,1
803.12274,0.0087596,-4.7154585e-06,1
804.0986,0.0,-0.0061340774,1
805.0744,0.0073342607,0.030667877,1
806.05023,0.0071261134,0.0296461,1
807.0261,0.014223623,-0.030672655,1
808.00195,0.0,-0.039175738,1
808.9778,0.005120588,2.7565095e-06,1
809.9537,0.0,0.102899365,1
810.9295,0.029029315,0.0,1
811.90533,0.0,-0.10631877,1
812.88116,0.0043246504,2.3280413e-06,1
813.85706,0.0,-0.018609779,1
814.8329,0.0,0.09081608,1
815.8087,0.021102397,1.1359821e-05,1
816.7846,0.0,0.073350936,1
817.76044,0.038143344,0.0,1
818.73627,0.0,-0.16415335,1
819.7121,0.0,0.0,1
820.688,0.0,0.08193866,1
821.6638,0.019039007,0.0,1
822.63965,0.0,-0.061432693,1
823.61554,0.004765299,-2.5652507e-06,1
824.5914,0.0,0.09035273,1
825.5672,0.025760029,0.01190983,1
826.543,0.0027674169,-0.110862605,1
827.5189,0.0,-0.01114626,1
828.49475,0.00017716084,0.0,1
829.4706,0.0,-0.0007624516,1
830.4465,0.0,0.0,1
831.4223,0.0,0.0,1
832.39813,0.0,0.0,1
833.374,0.0,0.0,1
834.34985,0.0,0.0,1
835.3257,0.0,0.035750635,1
836.3015,0.008307164,0.121614024,1
837.2774,0.028260347,-0.02972224,1
838.25323,0.0014034944,-0.053355683,1
839.22906,0.015862402,-0.006031716,1
840.20496,0.0,0.103284724,1
841.1808,0.039859325,0.20356984,1
842.1566,0.047302324,-0.10904267,1
843.13245,0.014521724,0.019025529,1
844.10834,0.05172769,0.07998453,1
845.08417,0.033111326,-0.13451423,1
846.06,0.02047141,0.14771023,1
847.0359,0.06743869,0.11969955,1
848.0117,0.04829029,-0.025866205,1
848.98755,0.061428312,0.24441488,1
849.9634,0.10508353,0.25895113,1
850.9393,0.12159945,0.22356376,1
851.9151,0.15703215,0.10289902,1
852.8909,0.14550948,0.0571718,1
853.8668,0.17031953,0.014491933,1
854.84265,0.14887987,0.02781196,1
855.8185,0.17678203,-0.18191567,1
856.7943,0.1066092,-0.31132054,1
857.7702,0.10444432,-0.02304892,1
858.74603,0.101253346,-0.10582976,1
859.72186,0.07985328,-0.08527644,1
860.69775,0.08143899,-0.20570506,1
861.6736,0.0320565,-0.11958198,1
862.6494,0.053652424,-0.13795805,1
863.62524,0.0,0.0021112897,1
864.60114,0.054149773,0.23306513,1
865.57697,0.054161046,-0.23303847,1
866.5528,0.0,-0.06427282,1
867.5287,0.039231725,0.009685757,1
868.5045,0.0022554589,-0.13487451,1
869.48035,0.007891731,-0.0009513431,1
870.45624,0.002033675,0.08497419,1
871.43207,0.02763533,0.06970802,1
872.4079,0.018231316,-0.11893116,1
873.3837,0.0,-0.06690426,1
874.3596,0.0026859902,-1.4459195e-06,1
875.33545,0.0,0.015971418,1
876.3113,0.006397174,3.44372e-06,1
877.2872,0.0,-0.027528236,1
878.263,0.0,0.0,1
879.23883,0.0,0.05350789,1
880.21466,0.012433312,6.693087e-06,1
881.19055,0.0,0.002040091,1
882.1664,0.012905785,0.052921463,1
883.1422,0.012297047,-0.055536337,1
884.1181,0.0,-0.052916493,1
885.09393,0.0,0.0,1
886.06976,0.0,0.0,1
887.0456,0.0,0.0070914994,1
888.0215,0.0016479646,0.12648094,1
888.9973,0.029388914,-0.0070921653,1
889.97314,0.0,-0.12648182,1
890.94904,0.0,0.023542881,1
891.92487,0.005470349,0.0,1
892.9007,0.0,-0.015294322,1
893.8765,0.0019164981,0.08935287,1
894.8524,0.020764107,-0.0019408185,1
895.82825,0.001467893,-0.089360215,1
896.8041,0.0,0.13077395,1
897.77997,0.0318581,0.052718893,1
898.7558,0.012253579,-0.07675916,1
899.7316,0.014022029,0.07399887,1
900.7075,0.029449653,-0.0036628302,1
901.68335,0.013172873,-0.12673926,1
902.6592,0.0,-0.05669066,1
903.635,0.0,0.015050178,1
904.6109,0.0034974492,-1.8827433e-06,1
905.58673,0.0,-0.015051591,1
906.56256,0.0,0.0,1
907.53845,0.0,0.08856391,1
908.5143,0.02057843,0.0,1
909.4901,0.0,-0.08856114,1
910.46594,0.0,0.13436055,1
911.44183,0.0312235,-1.68082e-05,1
912.41766,0.0,-0.13437317,1
913.3935,0.0,0.09488588,1
914.3694,0.02205014,0.09228952,1
915.3452,0.021446856,-0.09107413,1
916.32104,0.000887782,-0.045228217,1
917.2969,0.010937442,0.012675771,1
918.27277,0.0038321952,-0.047067918,1
919.2486,0.0,0.04242579,1
920.2244,0.013690425,0.08430995,1
921.2003,0.019590732,0.047683056,1
922.17615,0.024770645,-0.084310494,1
923.152,0.0,-0.10660273,1
924.1278,0.0,0.0,1
925.1037,0.0,0.0,1
926.0795,0.0,0.00065332965,1
927.05536,0.00015181035,0.086780556,1
928.03125,0.02016656,-0.0006641243,1
929.0071,0.0,0.0069592632,1
929.9829,0.021783642,0.0801988,1
930.95874,0.018635321,-0.09374079,1
931.93463,0.0,-0.08019127,1
932.91046,0.0,0.0,1
933.8863,0.0,0.0,1
934.8622,0.0,0.0469354,1
935.838,0.01090576,0.031084448,1
936.81384,0.0072229095,0.0048279995,1
937.78973,0.012028181,-0.02470324,1
938.76556,0.0014835432,-0.05176437,1
939.7414,0.0,0.19244663,1
940.7172,0.04620123,2.4870997e-05,1
941.6931,0.0,-0.19881253,1
942.66895,0.0,0.029138623,1
943.6448,0.0067707696,0.041771058,1
944.62067,0.009706158,-0.029141111,1
945.5965,0.0,-0.041771334,1
946.5723,0.0,0.01609515,1
947.54816,0.0037399349,2.013278e-06,1
948.52405,0.0,-0.01609364,1
949.4999,0.0,0.086863875,1
950.4757,0.020184046,1.0865454e-05,1
951.4516,0.0,-0.086855724,1
952.4274,0.0,0.08617659,1
953.40326,0.020024346,0.0,1
954.3791,0.0,0.041027848,1
955.355,0.029561145,-1.5913325e-05,1
956.3308,0.0,-0.043013446,1
957.30664,0.019566365,1.05329445e-05,1
958.28253,0.0,-0.08419772,1
959.25836,0.0,0.0,1
960.2342,0.0,0.026480999,1
961.21,0.0061532333,0.16000976,1
962.1859,0.03718324,-0.02649853,1
963.16174,0.0,-0.07591658,1
964.1376,0.019542953,0.0059961327,1
965.11346,0.0013909718,-0.05586221,1
966.0893,0.006560717,0.026616886,1
967.0651,0.00757578,0.025426466,1
968.041,0.012469343,0.029224861,1
969.01685,0.014366987,-0.053662952,1
969.9927,0.0,-0.061829634,1
970.9685,0.0,0.0,1
971.9444,0.0,0.017233491,1
972.9202,0.004004319,0.0025038002,1
973.89606,0.00058179325,-0.017233178,1
974.87195,0.0,-0.0025035653,1
975.8478,0.0,0.0,1
976.8236,0.0,0.0,1
977.79944,0.0,0.0,1
978.7753,0.0,0.047730718,1
979.75116,0.011090558,0.1348685,1
980.727,0.0313386,0.14463572,1
981.7029,0.04469933,-0.13487992,1
982.6787,0.0,0.014475898,1
983.65454,0.048063006,0.16988185,1
984.6304,0.039474443,-0.20682876,1
985.60626,0.0,0.01396205,1
986.5821,0.04271368,0.0,1
987.5579,0.0,0.07673477,1
988.5338,0.060551103,0.21856739,1
989.50964,0.0507932,-0.1781921,1
990.4855,0.01914566,-0.20367657,1
991.4613,0.003466081,0.06609618,1
992.4372,0.034507442,0.11358706,1
993.413,0.029862693,-0.080182366,1
994.38885,0.01587594,0.1333532,1
995.36475,0.060853846,0.27361166,1
996.3406,0.0794571,0.068666205,1
997.3164,0.07680941,0.119347155,1
998.29224,0.10718909,0.054681018,1
999.2681,0.08951271,0.11879656,1
1000.24396,0.13479006,0.21846268,1
1001.2198,0.1402756,-0.037318576,1
1002.1957,0.12611707,0.2850457,1
1003.1715,0.20650613,0.40665674,1
1004.14734,0.2206095,0.14852262,1
1005.1232,0.24101894,0.43596783,1
1006.09906,0.32191214,0.49616787,1
1007.0749,0.35631055,0.39023927,1
1008.0507,0.41258973,0.5277567,1
1009.0266,0.47894675,0.6069696,1
1010.00244,0.55363154,0.5837944,1
1010.9783,0.6145996,0.49720162,1
1011.95416,0.66916656,0.11773122,1
1012.93,0.64196205,0.0487359,1
1013.9058,0.68049103,-0.37194145,1
1014.88165,0.5555362,-0.9596206,1
1015.85754,0.45750442,-0.69638777,1
1016.8334,0.39371344,-0.5315705,1
1017.8092,0.33398652,-0.6746216,1
1018.7851,0.23694837,-0.7173202,1
1019.7609,0.16730012,-0.40949932,1
1020.73676,0.14179544,-0.19790886,1
1021.7126,0.12131321,-0.20273964,1
1022.6885,0.09468417,-0.178768,1
1023.6643,0.0797719,-0.070623085,1
1024.6401,0.0782739,0.03855519,1
1025.616,0.08873074,-0.14863989,1
1026.5918,0.043735333,-0.089045696,1
1027.5677,0.06804709,0.09372645,1
1028.5436,0.065518714,0.03265147,1
1029.5194,0.07563412,-0.1277299,1
1030.4952,0.035838872,-0.1968501,1
1031.4711,0.029893227,0.17558613,1
1032.4469,0.07663878,-0.018842032,1
1033.4227,0.025515014,-0.07382271,1
1034.3987,0.059494607,0.04967652,1
1035.3745,0.03706583,-0.014973992,1
1036.3503,0.05601519,0.29263005,1
1037.3262,0.105062544,0.12672271,1
1038.302,0.085461,-0.10150274,1
1039.2778,0.08147695,0.08388654,1
1040.2537,0.104953215,-0.02813211,1
1041.2296,0.07493296,0.14494762,1
1042.2054,0.1386242,0.3025403,1
1043.1813,0.14523247,-0.04798177,1
1044.1571,0.12747496,-0.19789803,1
1045.1329,0.09924807,0.09456053,1
1046.1088,0.14944744,0.14696562,1
1047.0846,0.13339761,-0.17786036,1
1048.0605,0.10811535,-0.07103792,1
1049.0364,0.11688565,0.041435897,1
1050.0122,0.11774357,-0.26519623,1
1050.988,0.055263568,-0.21928483,1
1051.9639,0.06678965,-0.014505982,1
1052.9397,0.0518929,-0.084531955,1
1053.9156,0.047147505,-0.13619383,1
1054.8915,0.02024713,0.11888822,1
1055.8673,0.07477286,0.10127229,1
1056.8431,0.043779172,-0.29980567,1
1057.819,0.0051087807,-0.028757662,1
1058.7948,0.037096925,0.0758301,1
1059.7706,0.022728974,0.07169447,1
1060.7466,0.05376287,0.09012775,1
1061.7224,0.043677878,-0.23137341,1
1062.6982,0.0,-0.10576621,1
1063.6741,0.019101609,0.20480072,1
1064.6499,0.047588333,-0.010494254,1
1065.6257,0.016663121,-0.120456226,1
1066.6016,0.019598631,-0.0135108745,1
1067.5775,0.013522357,-0.047781993,1
1068.5533,0.008494984,-0.058194693,1
1069.5292,0.0,0.10623387,1
1070.505,0.03317992,0.1002244,1
1071.4808,0.023288552,-0.07749728,1
1072.4567,0.015172337,-0.04797134,1
1073.4325,0.012141734,-0.06528655,1
1074.4084,0.0,-0.05224325,1
1075.3843,0.0,0.0,1
1076.3601,0.0,0.092353396,1
1077.3359,0.021459613,0.04038352,1
1078.3118,0.00938368,-0.092353396,1
1079.2876,0.0,0.1340721,1
1080.2634,0.04053722,4.3641176e-05,1
1081.2394,0.0,-0.1084372,1
1082.2152,0.0153317405,0.0,1
1083.191,0.0,0.041855402,1
1084.1669,0.025057433,0.0,1
1085.1427,0.0,-0.10783694,1
1086.1185,0.0,0.0,1
1087.0944,0.0,0.15983431,1
1088.0703,0.037146725,0.06270392,1
1089.0461,0.01457852,-0.1598643,1
1090.022,0.0,0.07429098,1
1090.9978,0.031841077,0.047534384,1
1091.9736,0.011045284,-0.11233644,1
1092.9495,0.0057381233,-0.047534384,1
1093.9253,0.0,-0.024696082,1
1094.9012,0.0,0.14573254,1
1095.8771,0.03386089,0.02593401,1
1096.8529,0.006026133,0.0057906406,1
1097.8287,0.035206426,0.021642849,1
1098.8046,0.011055154,-0.13223377,1
1099.7804,0.0044800458,-0.03774305,1
1100.7562,0.0022850248,-0.019279031,1
1101.7322,0.0,0.049788825,1
1102.708,0.0138528645,0.15395068,1
1103.6838,0.035772607,-0.05961706,1
1104.6597,0.0,-0.15395068,1
1105.6355,0.0,0.0,1
1106.6113,0.0,0.08129787,1
1107.5872,0.018890705,0.12656017,1
1108.5631,0.02940883,0.007952635,1
1109.539,0.020741126,0.014275944,1
1110.5148,0.032726046,0.031564754,1
1111.4906,0.028075641,-0.14083952,1
1112.4664,0.0,-0.1092523,1
1113.4423,0.0026893301,0.0,1
1114.4181,0.0,0.039438423,1
1115.394,0.011855796,-1.27636e-05,1
1116.3699,0.0,0.077548854,1
1117.3457,0.029875364,0.0,1
1118.3215,0.0,-0.12857135,1
1119.2974,0.0,0.030330703,1
1120.2732,0.007047766,0.11847956,1
1121.2491,0.0275338,-0.030354653,1
1122.225,0.0,-0.038562737,1
1123.2008,0.018573204,0.0068836324,1
1124.1766,0.001599509,-0.079931475,1
1125.1525,0.0,-0.0068836324,1
1126.1283,0.0,0.05453259,1
1127.1041,0.012671417,0.104505114,1
1128.0801,0.024284622,-0.054548502,1
1129.0559,0.0,-0.10451108,1
1130.0317,0.0,0.14241418,1
1131.0076,0.03309194,0.1535167,1
1131.9834,0.035671767,-0.14241418,1
1132.9592,0.0,-0.1535167,1
1133.935,0.0,0.0,1
1134.911,0.0,0.0,1
1135.8868,0.0,0.075858966,1
1136.8627,0.0176269,0.0,1
1137.8385,0.0,-0.075858966,1
1138.8143,0.0,0.026745282,1
1139.7902,0.006214643,0.0,1
1140.766,0.0,-0.026746955,1
1141.742,0.0,0.0,1
1142.7178,0.0,0.0,1
1143.6936,0.0,0.013013928,1
1144.6694,0.0030239695,0.0,1
1145.6453,0.0,0.009740885,1
1146.6211,0.0052874014,0.015251983,1
1147.5969,0.0035440132,-0.022752421,1
1148.5729,0.0,-0.0020344043,1
1149.5487,0.0030704336,0.047296997,1
1150.5245,0.010990124,-0.013213891,1
1151.5004,0.0,-0.047296997,1
1152.4762,0.0,0.0,1
1153.452,0.0,0.0,1
1154.4279,0.0,0.0,1
1155.4038,0.0,0.00035274864,1
1156.3796,8.1960985e-05,0.009651048,1
1157.3555,0.002242557,-0.00035272655,1
1158.3313,0.0,0.06950944,1
1159.3071,0.018394053,0.048463408,1
1160.283,0.011261156,-0.07916048,1
1161.2588,0.0,-0.048466444,1
1162.2347,0.0,0.0,1
1163.2106,0.0,0.067790166,1
1164.1864,0.015752,0.0,1
1165.1622,0.0,-0.067790166,1
1166.1381,0.0,0.13923821,1
1167.1139,0.03235396,0.023553168,1
1168.0897,0.0054729106,-0.09800017,1
1169.0657,0.009584691,0.08320142,1
1170.0415,0.024805753,0.15562937,1
1171.0173,0.04574737,-0.10675381,1
1171.9932,0.0,-0.027121233,1
1172.969,0.03944537,0.20299742,1
1173.9448,0.04716931,-0.13396001,1
1174.9207,0.008317875,-0.14415716,1
1175.8966,0.0136758,-0.0324388,1
1176.8724,0.00078207365,0.10696315,1
1177.8483,0.038530197,0.032073494,1
1178.8241,0.008234802,-0.14296381,1
1179.7999,0.00531054,-0.035439216,1
1180.7758,0.0,0.10196325,1
1181.7516,0.029003138,3.1223924e-05,1
1182.7275,0.0,-0.08348236,1
1183.7034,0.009598792,0.0,1
1184.6792,0.0,0.049519684,1
1185.655,0.021105388,0.18286525,1
1186.6309,0.042491317,-0.049895346,1
1187.6067,0.009511502,-0.1247597,1
1188.5826,0.013504453,0.055245984,1
1189.5585,0.022348879,-0.058117643,1
1190.5343,0.0,-0.09618043,1
1191.5101,0.0,0.02439159,1
1192.486,0.00566773,0.032401975,1
1193.4618,0.0075290557,0.13753125,1
1194.4376,0.037625056,-0.0323635,1
1195.4136,0.0,-0.10529976,1
1196.3894,0.013149287,0.0,1
1197.3652,0.0,0.16886425,1
1198.3411,0.052387275,0.030021913,1
1199.3169,0.006976015,-0.1530455,1
1200.2927,0.016824998,-0.030021913,1
1201.2686,0.0,-0.027665334,1
1202.2445,0.010399572,0.0032036644,1
1203.2203,0.00074697135,0.065238774,1
1204.1962,0.02555872,0.11417911,1
1205.172,0.027278097,-0.10405683,1
1206.1478,0.0013796493,-0.09356543,1
1207.1237,0.005536851,0.058770694,1
1208.0995,0.015035849,0.042089257,1
1209.0754,0.015316343,0.07988857,1
1210.0513,0.03359799,-0.053267397,1
1211.0271,0.0029389134,-0.030713804,1
1212.0029,0.026461205,-0.01264788,1
1212.9788,0.0,-0.035250623,1
1213.9546,0.018270226,0.0,1
1214.9304,0.0,-0.018252695,1
1215.9064,0.014032732,-1.5107226e-05,1
1216.8822,0.0,-0.023836065,1
1217.858,0.008494087,0.0,1
1218.8339,0.0,0.06364358,1
1219.8097,0.023282569,0.0,1
1220.7855,0.0,-0.06445717,1
1221.7614,0.008305037,8.940959e-06,1
1222.7373,0.0,-0.03352646,1
1223.7131,0.0005131004,0.0,1
1224.689,0.0,0.0,0
1225.6648,0.0,0.0,0
1226.6406,0.0,0.0,0
1227.6165,0.0,0.0,0
1228.5923,0.0,0.0,0
1229.5682,0.0,0.0,0
1230.5441,0.0,0.0,0
1231.5199,0.0,0.0,0
1232.4957,0.0,0.0,0
1233.4716,0.0,0.0,0
1234.4474,0.0,0.0,0
1235.4232,0.0,0.0,0
1236.3992,0.0,0.0,0
1237.375,0.0,0.0,0
1238.3508,0.0,0.0,0
1239.3267,0.0,0.0,0
1240.3025,0.0,0.0,0
1241.2783,0.0,0.0,0
1242.2542,0.0,0.0,0
1243.2301,0.0,0.0,0
1244.2059,0.0,0.0,0
1245.1818,0.0,0.0,0
1246.1576,0.0,0.0,0
1247.1334,0.0,0.0,0
1248.1093,0.0,0.0,0
1249.0851,0.0,0.0,0
1250.061,0.0,0.0,0
1251.0369,0.0,0.0,0
1252.0127,0.0,0.0,0
1252.9885,0.0,0.0,0
1253.9644,0.0,0.0,0
1254.9402,0.0,0.0,0
1255.9161,0.0,0.0,0
1256.892,0.0,0.0,0
1257.8678,0.0,0.0,0
1258.8436,0.0,0.0,0
1259.8195,0.0,0.0,0
1260.7953,0.0,0.0,0
1261.7711,0.0,0.0,0
1262.7471,0.0,0.0,0
1263.7229,0.0,0.0,0
1264.6987,0.0,0.0,0
1265.6746,0.0,0.0,0
1266.6504,0.0,0.0,0
1267.6262,0.0,0.0,0
1268.602,0.0,0.0,0
1269.578,0.0,0.0,0
1270.5538,0.0,0.0,0
1271.5297,0.0,0.0,0
1272.5055,0.0,0.0,0
1273.4813,0.0,0.0,0
1274.4572,0.0,0.0,0
1275.433,0.0,0.0,0
1276.4089,0.0,0.0,0
1277.3848,0.0,0.0,0
1278.3606,0.0,0.0,0
1279.3364,0.0,0.0,0
1280.3123,0.0,0.0,0
1281.2881,0.0,0.0,0
1282.2639,0.0,0.0,0
1283.2399,0.0,0.0,0
1284.2157,0.0,0.0,0
1285.1915,0.0,0.0,0
1286.1674,0.0,0.0,0
1287.1432,0.0,0.0,0
1288.119,0.0,0.0,0
1289.0948,0.0,0.0,0
1290.0708,0.0,0.0,0
1291.0466,0.0,0.0,0
1292.0225,0.0,0.0,0
1292.9983,0.0,0.0,0
1293.9741,0.0,0.0,0
1294.95,0.0,0.0,0
1295.9258,0.0,0.0,0
1296.9017,0.0,0.0,0
1297.8776,0.0,0.0,0
1298.8534,0.0,0.0,0
1299.8292,0.0,0.0,0
1300.805,0.0,0.0,0
1301.7809,0.0,0.0,0
1302.7567,0.0,0.0,0
1303.7327,0.0,0.0,0
1304.7085,0.0,0.0,0
1305.6843,0.0,0.0,0
1306.6602,0.0,0.0,0
1307.636,0.0,0.0,0
1308.6118,0.0,0.0,0
1309.5876,0.0,0.0,0
1310.5636,0.0,0.0,0
1311.5394,0.0,0.0,0
1312.5153,0.0,0.0,0
1313.4911,0.0,0.0,0
1314.4669,0.0,0.0,0
1315.4427,0.0,0.0,0
1316.4186,0.0,0.0,0
1317.3945,0.0,0.0,0
1318.3704,0.0,0.0,0
1319.3462,0.0,0.0,0
1320.322,0.0,0.0,0
1321.2979,0.0,0.0,0
1322.2737,0.0,0.0,0
1323.2496,0.0,0.0,0
1324.2255,0.0,0.0,0
1325.2013,0.0,0.0,0
1326.1771,0.0,0.0,0
1327.153,0.0,0.0,0
1328.1288,0.0,0.0,0
1329.1046,0.0,0.0,0
1330.0806,0.0,0.0,0
1331.0564,0.0,0.0,0
1332.0322,0.0,0.0,0
1333.008,0.0,0.0,0
1333.9839,0.0,0.0,0
1334.9597,0.0,0.0,0
1335.9355,0.0,0.0,0
1336.9115,0.0,0.0,0
1337.8873,0.0,0.0,0
1338.8632,0.0,0.0,0
1339.839,0.0,0.0,0
1340.8148,0.0,0.0,0
1341.7906,0.0,0.0,0
1342.7665,0.0,0.0,0
1343.7424,0.0,0.0,0
1344.7183,0.0,0.0,0
1345.6941,0.0,0.0,0
1346.6699,0.0,0.0,0
1347.6458,0.0,0.0,0
1348.6216,0.0,0.0,0
1349.5974,0.0,0.0,0
1350.5734,0.0,0.0,0
1351.5492,0.0,0.0,0
1352.525,0.0,0.0,0
1353.5009,0.0,0.0,0
1354.4767,0.0,0.0,0
1355.4525,0.0,0.0,0
1356.4283,0.0,0.0,0
1357.4043,0.0,0.0,0
1358.3801,0.0,0.0,0
1359.356,0.0,0.0,0
1360.3318,0.0,0.0,0
1361.3076,0.0,0.0,0
1362.2834,0.0,0.0,0
1363.2593,0.0,0.0,0
1364.2352,0.0,0.0,0
1365.211,0.0,0.0,0
1366.1869,0.0,0.0,0
1367.1627,0.0,0.0,0
1368.1385,0.0,0.0,0
1369.1144,0.0,0.0,0
1370.0902,0.0,0.0,0
1371.0662,0.0,0.0,0
1372.042,0.0,0.0,0
1373.0178,0.0,0.0,0
1373.9937,0.0,0.0,0
1374.9695,0.0,0.0,0
1375.9453,0.0,0.0,0
1376.9211,0.0,0.0,0
1377.8971,0.0,0.0,0
1378.8729,0.0,0.0,0
1379.8488,0.0,0.0,0
1380.8246,0.0,0.0,0
1381.8004,0.0,0.0,0
1382.7762,0.0,0.0,0
1383.7521,0.0,0.0,0
1384.728,0.0,0.0,0
1385.7039,0.0,0.0,0
1386.6797,0.0,0.0,0
1387.6555,0.0,0.0,0
1388.6313,0.0,0.0,0
1389.6072,0.0,0.0,0
1390.5831,0.0,0.0,0
1391.559,0.0,0.0,0
1392.5348,0.0,0.0,0
1393.5106,0.0,0.0,0
1394.4865,0.0,0.0,0
1395.4623,0.0,0.0,0
1396.4381,0.0,0.0,0
1397.4141,0.0,0.0,0
1398.3899,0.0,0.0,0
1399.3657,0.0,0.0,0
1400.3416,0.0,0.0,0
1401.3174,0.0,0.0,0
1402.2932,0.0,0.0,0
1403.269,0.0,0.0,0
1404.245,0.0,0.0,0
1405.2208,0.0,0.0,0
1406.1967,0.0,0.0,0
1407.1725,0.0,0.0,0
1408.1483,0.0,0.0,0
1409.1241,0.0,0.0,0
1410.1,0.0,0.0,0
1411.0759,0.0,0.0,0
1412.0518,0.0,0.0,0
1413.0276,0.0,0.0,0
1414.0034,0.0,0.0,0
1414.9792,0.0,0.0,0
1415.9551,0.0,0.0,0
1416.9309,0.0,0.0,0
1417.9069,0.0,0.0,0
1418.8827,0.0,0.0,0
1419.8585,0.0,0.0,0
1420.8344,0.0,0.0,0
1421.8102,0.0,0.0,0
1422.786,0.0,0.0,0
1423.7618,0.0,0.0,0
1424.7378,0.0,0.0,0
1425.7136,0.0,0.0,0
1426.6895,0.0,0.0,0
1427.6653,0.0,0.0,0
1428.6411,0.0,0.0,0
1429.617,0.0,0.0,0
1430.5928,0.0,0.0,0
1431.5687,0.0,0.0,0
1432.5446,0.0,0.0,0
1433.5204,0.0,0.0,0
1434.4962,0.0,0.0,0
1435.472,0.0,0.0,0
1436.4479,0.0,0.0,0
1437.4237,0.0,0.0,0
1438.3997,0.0,0.0,0
1439.3755,0.0,0.0,0
1440.3513,0.0,0.0,0
1441.3271,0.0,0.0,0
1442.303,0.0,0.0,0
1443.2788,0.0,0.0,0
1444.2546,0.0,0.0,0
1445.2306,0.0,0.0,0
1446.2064,0.0,0.0,0
1447.1823,0.0,0.0,0
1448.1581,0.0,0.0,0
1449.1339,0.0,0.0,0
1450.1097,0.0,0.0,0
1451.0856,0.0,0.0,0
1452.0615,0.0,0.0,0
1453.0374,0.0,0.0,0
1454.0132,0.0,0.0,0
1454.989,0.0,0.0,0
1455.9648,0.0,0.0,0
1456.9407,0.0,0.0,0
1457.9166,0.0,0.0,0
1458.8925,0.0,0.0,0
1459.8683,0.0,0.0,0
1460.8441,0.0,0.0,0
1461.82,0.0,0.0,0
1462.7958,0.0,0.0,0
1463.7716,0.0,0.0,0
1464.7476,0.0,0.0,0
1465.7234,0.0,0.0,0
1466.6992,0.0,0.0,0
1467.675,0.0,0.0,0
1468.6509,0.0,0.0,0
1469.6267,0.0,0.0,0
1470.6025,0.0,0.0,0
1471.5785,0.0,0.0,0
1472.5543,0.0,0.0,0
1473.5302,0.0,0.0,0
1474.506,0.0,0.0,0
1475.4818,0.0,0.0,0
1476.4576,0.0,0.0,0
1477.4335,0.0,0.0,0
1478.4094,0.0,0.0,0
1479.3853,0.0,0.0,0
1480.3611,0.0,0.0,0
1481.3369,0.0,0.0,0
1482.3127,0.0,0.0,0
1483.2886,0.0,0.0,0
1484.2644,0.0,0.0,0
1485.2404,0.0,0.0,0
1486.2162,0.0,0.0,0
1487.192,0.0,0.0,0
1488.1678,0.0,0.0,0
1489.1437,0.0,0.0,0
1490.1195,0.0,0.0,0
1491.0953,0.0,0.0,0
1492.0713,0.0,0.0,0
1493.0471,0.0,0.0,0
1494.023,0.0,0.0,0
1494.9988,0.0,0.0,0
1495.9746,0.0,0.0,0
1496.9504,0.0,0.0,0
1497.9263,0.0,0.0,0
1498.9022,0.0,0.0,0
1499.878,0.0,0.0,0
1500.8539,0.0,0.0,0
1501.8297,0.0,0.0,0
1502.8055,0.0,0.0,0
1503.7814,0.0,0.0,0
1504.7572,0.0,0.0,0
1505.7332,0.0,0.0,0
1506.709,0.0,0.0,0
1507.6848,0.0,0.0,0
1508.6606,0.0,0.0,0
1509.6365,0.0,0.0,0
1510.6123,0.0,0.0,0
1511.5881,0.0,0.0,0
1512.5641,0.0,0.0,0
1513.5399,0.0,0.0,0
1514.5157,0.0,0.0,0
1515.4916,0.0,0.0,0
1516.4674,0.0,0.0,0
1517.4432,0.0,0.0,0
1518.4191,0.0,0.0,0
1519.395,0.0,0.0,0
1520.3708,0.0,0.0,0
1521.3467,0.0,0.0,0
1522.3225,0.0,0.0,0
1523.2983,0.0,0.0,0
1524.2742,0.0,0.0,0
1525.25,0.0,0.0,0
1526.226,0.0,0.0,0
1527.2018,0.0,0.0,0
1528.1776,0.0,0.0,0
1529.1534,0.0,0.0,0
1530.1293,0.0,0.0,0
1531.1051,0.0,0.0,0
1532.081,0.0,0.0,0
1533.0569,0.0,0.0,0
1534.0327,0.0,0.0,0
1535.0085,0.0,0.0,0
1535.9844,0.0,0.0,0
1536.9602,0.0,0.0,0
1537.936,0.0,0.0,0
1538.912,0.0,0.0,0
1539.8878,0.0,0.0,0
1540.8636,0.0,0.0,0
1541.8395,0.0,0.0,0
1542.8153,0.0,0.0,0
1543.7911,0.0,0.0,0
1544.767,0.0,0.0,0
1545.7429,0.0,0.0,0
1546.7188,0.0,0.0,0
1547.6946,0.0,0.0,0
1548.6704,0.0,0.0,0
1549.6462,0.0,0.0,0
1550.6221,0.0,0.0,0
1551.5979,0.0,0.0,0
1552.5739,0.0,0.0,0
1553.5497,0.0,0.0,0
1554.5255,0.0,0.0,0
1555.5013,0.0,0.0,0
1556.4772,0.0,0.0,0
1557.453,0.0,0.0,0
1558.4288,0.0,0.0,0
1559.4048,0.0,0.0,0
1560.3806,0.0,0.0,0
1561.3564,0.0,0.0,0
1562.3323,0.0,0.0,0
1563.3081,0.0,0.0,0
1564.2839,0.0,0.0,0
1565.2598,0.0,0.0,0
1566.2357,0.0,0.0,0
1567.2115,0.0,0.0,0
1568.1874,0.0,0.0,0
1569.1632,0.0,0.0,0
1570.139,0.0,0.0,0
1571.1149,0.0,0.0,0
1572.0907,0.0,0.0,0
1573.0667,0.0,0.0,0
1574.0425,0.0,0.0,0
1575.0183,0.0,0.0,0
1575.9941,0.0,0.0,0
1576.97,0.0,0.0,0
1577.9458,0.0,0.0,0
1578.9216,0.0,0.0,0
1579.8976,0.0,0.0,0
1580.8734,0.0,0.0,0
1581.8492,0.0,0.0,0
1582.8251,0.0,0.0,0
1583.8009,0.0,0.0,0
1584.7767,0.0,0.0,0
1585.7526,0.0,0.0,0
1586.7285,0.0,0.0,0
1587.7043,0.0,0.0,0
1588.6802,0.0,0.0,0
1589.656,0.0,0.0,0
1590.6318,0.0,0.0,0
1591.6077,0.0,0.0,0
1592.5835,0.0,0.0,0
1593.5594,0.0,0.0,0
1594.5353,0.0,0.0,0
1595.5111,0.0,0.0,0
1596.4869,0.0,0.0,0
1597.4628,0.0,0.0,0
1598.4386,0.0,0.0,0
1599.4146,0.0,0.0,0
1600.3904,0.0,0.0,0
1601.3662,0.0,0.0,0
1602.342,0.0,0.0,0
1603.3179,0.0,0.0,0
1604.2937,0.0,0.0,0
1605.2695,0.0,0.0,0
1606.2455,0.0,0.0,0
1607.2213,0.0,0.0,0
1608.1971,0.0,0.0,0
1609.173,0.0,0.0,0
1610.1488,0.0,0.0,0
1611.1246,0.0,0.0,0
1612.1005,0.0,0.0,0
1613.0764,0.0,0.0,0
1614.0522,0.0,0.0,0
1615.0281,0.0,0.0,0
1616.0039,0.0,0.0,0
1616.9797,0.0,0.0,0
1617.9556,0.0,0.0,0
1618.9314,0.0,0.0,0
1619.9073,0.0,0.0,0
1620.8832,0.0,0.0,0
1621.859,0.0,0.0,0
1622.8348,0.0,0.0,0
1623.8107,0.0,0.0,0
1624.7865,0.0,0.0,0
1625.7623,0.0,0.0,0
1626.7383,0.0,0.0,0
1627.7141,0.0,0.0,0
1628.69,0.0,0.0,0
1629.6658,0.0,0.0,0
1630.6416,0.0,0.0,0
1631.6174,0.0,0.0,0
1632.5933,0.0,0.0,0
1633.5692,0.0,0.0,0
1634.545,0.0,0.0,0
1635.5209,0.0,0.0,0
1636.4967,0.0,0.0,0
1637.4725,0.0,0.0,0
1638.4484,0.0,0.0,0
1639.4242,0.0,0.0,0
1640.4001,0.0,0.0,0
1641.376,0.0,0.0,0
1642.3518,0.0,0.0,0
1643.3276,0.0,0.0,0
1644.3035,0.0,0.0,0
1645.2793,0.0,0.0,0
1646.2551,0.0,0.0,0
1647.2311,0.0,0.0,0
1648.2069,0.0,0.0,0
1649.1827,0.0,0.0,0
1650.1586,0.0,0.0,0
1651.1344,0.0,0.0,0
1652.1102,0.0,0.0,0
1653.086,0.0,0.0,0
1654.062,0.0,0.0,0
1655.0378,0.0,0.0,0
1656.0137,0.0,0.0,0
1656.9895,0.0,0.0,0
1657.9653,0.0,0.0,0
1658.9412,0.0,0.0,0
1659.917,0.0,0.0,0
1660.893,0.0,0.0,0
1661.8688,0.0,0.0,0
1662.8446,0.0,0.0,0
1663.8204,0.0,0.0,0
1664.7963,0.0,0.0,0
1665.7721,0.0,0.0,0
1666.748,0.0,0.0,0
1667.7239,0.0,0.0,0
1668.6997,0.0,0.0,0
1669.6755,0.0,0.0,0
1670.6514,0.0,0.0,0
1671.6272,0.0,0.0,0
1672.603,0.0,0.0,0
1673.579,0.0,0.0,0
1674.5548,0.0,0.0,0
1675.5306,0.0,0.0,0
1676.5065,0.0,0.0,0
1677.4823,0.0,0.0,0
1678.4581,0.0,0.0,0
1679.434,0.0,0.0,0
1680.4099,0.0,0.0,0
1681.3857,0.0,0.0,0
1682.3616,0.0,0.0,0
1683.3374,0.0,0.0,0
1684.3132,0.0,0.0,0
1685.2891,0.0,0.0,0
1686.2649,0.0,0.0,0
1687.2408,0.0,0.0,0
1688.2167,0.0,0.0,0
1689.1925,0.0,0.0,0
1690.1683,0.0,0.0,0
1691.1442,0.0,0.0,0
1692.12,0.0,0.0,0
1693.0958,0.0,0.0,0
1694.0718,0.0,0.0,0
1695.0476,0.0,0.0,0
1696.0234,0.0,0.0,0
1696.9993,0.0,0.0,0
1697.9751,0.0,0.0,0
1698.9509,0.0,0.0,0
1699.9268,0.0,0.0,0
1700.9027,0.0,0.0,0
1701.8785,0.0,0.0,0
1702.8544,0.0,0.0,0
1703.8302,0.0,0.0,0
1704.806,0.0,0.0,0
1705.7819,0.0,0.0,0
1706.7577,0.0,0.0,0
1707.7336,0.0,0.0,0
1708.7095,0.0,0.0,0
1709.6853,0.0,0.0,0
1710.6611,0.0,0.0,0
1711.637,0.0,0.0,0
1712.6128,0.0,0.0,0
1713.5886,0.0,0.0,0
1714.5646,0.0,0.0,0
1715.5404,0.0,0.0,0
1716.5162,0.0,0.0,0
1717.4921,0.0,0.0,0
1718.4679,0.0,0.0,0
1719.4437,0.0,0.0,0
1720.4196,0.0,0.0,0
1721.3955,0.0,0.0,0
1722.3713,0.0,0.0,0
1723.3472,0.0,0.0,0
1724.323,0.0,0.0,0
1725.2988,0.0,0.0,0
1726.2747,0.0,0.0,0
1727.2505,0.0,0.0,0
1728.2264,0.0,0.0,0
1729.2023,0.0,0.0,0
1730.1781,0.0,0.0,0
1731.1539,0.0,0.0,0
1732.1298,0.0,0.0,0
1733.1056,0.0,0.0,0
1734.0815,0.0,0.0,0
1735.0574,0.0,0.0,0
1736.0332,0.0,0.0,0
1737.009,0.0,0.0,0
1737.9849,0.0,0.0,0
1738.9607,0.0,0.0,0
1739.9365,0.0,0.0,0
1740.9125,0.0,0.0,0
1741.8883,0.0,0.0,0
1742.8641,0.0,0.0,0
1743.84,0.0,0.0,0
1744.8158,0.0,0.0,0
1745.7916,0.0,0.0,0
1746.7675,0.0,0.0,0
1747.7434,0.0,0.0,0
1748.7192,0.0,0.0,0
1749.6951,0.0,0.0,0
1750.6709,0.0,0.0,0
1751.6467,0.0,0.0,0
1752.6226,0.0,0.0,0
1753.5984,0.0,0.0,0
1754.5743,0.0,0.0,0
1755.5502,0.0,0.0,0
1756.526,0.0,0.0,0
1757.5018,0.0,0.0,0
1758.4777,0.0,0.0,0
1759.4535,0.0,0.0,0
1760.4293,0.0,0.0,0
1761.4053,0.0,0.0,0
1762.3811,0.0,0.0,0
1763.3569,0.0,0.0,0
1764.3328,0.0,0.0,0
1765.3086,0.0,0.0,0
1766.2844,0.0,0.0,0
1767.2603,0.0,0.0,0
1768.2362,0.0,0.0,0
1769.212,0.0,0.0,0
1770.1879,0.0,0.0,0
1771.1637,0.0,0.0,0
1772.1395,0.0,0.0,0
1773.1154,0.0,0.0,0
1774.0912,0.0,0.0,0
1775.0671,0.0,0.0,0
1776.043,0.0,0.0,0
1777.0188,0.0,0.0,0
1777.9946,0.0,0.0,0
1778.9705,0.0,0.0,0
1779.9463,0.0,0.0,0
1780.9221,0.0,0.0,0
1781.8981,0.0,0.0,0
1782.8739,0.0,0.0,0
1783.8497,0.0,0.0,0
1784.8256,0.0,0.0,0
1785.8014,0.0,0.0,0
1786.7772,0.0,0.0,0
1787.753,0.0,0.0,0
1788.729,0.0,0.0,0
1789.7048,0.0,0.0,0
1790.6807,0.0,0.0,0
1791.6565,0.0,0.0,0
1792.6323,0.0,0.0,0
1793.6082,0.0,0.0,0
1794.584,0.0,0.0,0
1795.5599,0.0,0.0,0
1796.5358,0.0,0.0,0
1797.5116,0.0,0.0,0
1798.4874,0.0,0.0,0
1799.4633,0.0,0.0,0
1800.4391,0.0,0.0,0
1801.415,0.0,0.0,0
1802.3909,0.0,0.0,0
1803.3667,0.0,0.0,0
1804.3425,0.0,0.0,0
1805.3184,0.0,0.0,0
1806.2942,0.0,0.0,0
1807.27,0.0,0.0,0
1808.246,0.0,0.0,0
1809.2218,0.0,0.0,0
1810.1976,0.0,0.0,0
1811.1735,0.0,0.0,0
1812.1493,0.0,0.0,0
1813.1251,0.0,0.0,0
1814.101,0.0,0.0,0
1815.0769,0.0,0.0,0
1816.0527,0.0,0.0,0
1817.0286,0.0,0.0,0
1818.0044,0.0,0.0,0
1818.9802,0.0,0.0,0
1819.956,0.0,0.0,0
1820.9319,0.0,0.0,0
1821.9078,0.0,0.0,0
1822.8837,0.0,0.0,0
1823.8595,0.0,0.0,0
1824.8353,0.0,0.0,0
1825.8112,0.0,0.0,0
1826.787,0.0,0.0,0
1827.7628,0.0,0.0,0
1828.7388,0.0,0.0,0
1829.7146,0.0,0.0,0
1830.6904,0.0,0.0,0
1831.6663,0.0,0.0,0
1832.6421,0.0,0.0,0
1833.6179,0.0,0.0,0
1834.5938,0.0,0.0,0
1835.5697,0.0,0.0,0
1836.5455,0.0,0.0,0
1837.5214,0.0,0.0,0
1838.4972,0.0,0.0,0
1839.473,0.0,0.0,0
1840.4489,0.0,0.0,0
1841.4247,0.0,0.0,0
1842.4006,0.0,0.0,0
1843.3765,0.0,0.0,0
1844.3523,0.0,0.0,0
1845.3281,0.0,0.0,0
1846.304,0.0,0.0,0
1847.2798,0.0,0.0,0
1848.2556,0.0,0.0,0
1849.2316,0.0,0.0,0
1850.2074,0.0,0.0,0
1851.1832,0.0,0.0,0
1852.159,0.0,0.0,0
1853.1349,0.0,0.0,0
1854.1107,0.0,0.0,0
1855.0865,0.0,0.0,0
1856.0625,0.0,0.0,0
1857.0383,0.0,0.0,0
1858.0142,0.0,0.0,0
1858.99,0.0,0.0,0
1859.9658,0.0,0.0,0
1860.9417,0.0,0.0,0
1861.9175,0.0,0.0,0
1862.8934,0.0,0.0,0
1863.8693,0.0,0.0,0
1864.8451,0.0,0.0,0
1865.8209,0.0,0.0,0
1866.7968,0.0,0.0,0
1867.7726,0.0,0.0,0
1868.7485,0.0,0.0,0
1869.7244,0.0,0.0,0
1870.7002,0.0,0.0,0
1871.676,0.0,0.0,0
1872.6519,0.0,0.0,0
1873.6277,0.0,0.0,0
1874.6035,0.0,0.0,0
1875.5795,0.0,0.0,0
1876.5553,0.0,0.0,0
1877.5311,0.0,0.0,0
1878.507,0.0,0.0,0
1879.4828,0.0,0.0,0
1880.4586,0.0,0.0,0
1881.4344,0.0,0.0,0
1882.4104,0.0,0.0,0
1883.3862,0.0,0.0,0
1884.362,0.0,0.0,0
1885.3379,0.0,0.0,0
1886.3137,0.0,0.0,0
1887.2896,0.0,0.0,0
1888.2654,0.0,0.0,0
1889.2413,0.0,0.0,0
1890.2172,0.0,0.0,0
1891.193,0.0,0.0,0
1892.1688,0.0,0.0,0
1893.1447,0.0,0.0,0
1894.1205,0.0,0.0,0
1895.0963,0.0,0.0,0
1896.0723,0.0,0.0,0
1897.0481,0.0,0.0,0
1898.0239,0.0,0.0,0
1898.9998,0.0,0.0,0
1899.9756,0.0,0.0,0
1900.9514,0.0,0.0,0
1901.9272,0.0,0.0,0
1902.9032,0.0,0.0,0
1903.879,0.0,0.0,0
1904.8549,0.0,0.0,0
1905.8307,0.0,0.0,0
1906.8065,0.0,0.0,0
1907.7823,0.0,0.0,0
1908.7582,0.0,0.0,0
1909.7341,0.0,0.0,0
1910.71,0.0,0.0,0
1911.6858,0.0,0.0,0
1912.6616,0.0,0.0,0
1913.6375,0.0,0.0,0
1914.6133,0.0,0.0,0
1915.5891,0.0,0.0,0
1916.5651,0.0,0.0,0
1917.5409,0.0,0.0,0
1918.5167,0.0,0.0,0
1919.4926,0.0,0.0,0
1920.4684,0.0,0.0,0
1921.4442,0.0,0.0,0
1922.42,0.0,0.0,0
1923.396,0.0,0.0,0
1924.3718,0.0,0.0,0
1925.3477,0.0,0.0,0
1926.3235,0.0,0.0,0
1927.2993,0.0,0.0,0
1928.2751,0.0,0.0,0
1929.251,0.0,0.0,0
1930.2269,0.0,0.0,0
1931.2028,0.0,0.0,0
1932.1786,0.0,0.0,0
1933.1544,0.0,0.0,0
1934.1302,0.0,0.0,0
1935.1061,0.0,0.0,0
1936.082,0.0,0.0,0
1937.0579,0.0,0.0,0
1938.0337,0.0,0.0,0
1939.0095,0.0,0.0,0
1939.9854,0.0,0.0,0
1940.9612,0.0,0.0,0
1941.937,0.0,0.0,0
1942.913,0.0,0.0,0
1943.8888,0.0,0.0,0
1944.8646,0.0,0.0,0
1945.8405,0.0,0.0,0
1946.8163,0.0,0.0,0
1947.7921,0.0,0.0,0
1948.768,0.0,0.0,0
1949.7439,0.0,0.0,0
1950.7197,0.0,0.0,0
1951.6956,0.0,0.0,0
1952.6714,0.0,0.0,0
1953.6472,0.0,0.0,0
1954.623,0.0,0.0,0
1955.5989,0.0,0.0,0
1956.5748,0.0,0.0,0
1957.5507,0.0,0.0,0
1958.5265,0.0,0.0,0
1959.5023,0.0,0.0,0
1960.4781,0.0,0.0,0
1961.454,0.0,0.0,0
1962.4298,0.0,0.0,0
1963.4058,0.0,0.0,0
1964.3816,0.0,0.0,0
1965.3574,0.0,0.0,0
1966.3333,0.0,0.0,0
1967.3091,0.0,0.0,0
1968.2849,0.0,0.0,0
1969.2607,0.0,0.0,0
1970.2367,0.0,0.0,0
1971.2125,0.0,0.0,0
1972.1884,0.0,0.0,0
1973.1642,0.0,0.0,0
1974.14,0.0,0.0,0
1975.1158,0.0,0.0,0
1976.0917,0.0,0.0,0
1977.0676,0.0,0.0,0
1978.0435,0.0,0.0,0
1979.0193,0.0,0.0,0
1979.9951,0.0,0.0,0
1980.971,0.0,0.0,0
1981.9468,0.0,0.0,0
1982.9226,0.0,0.0,0
1983.8986,0.0,0.0,0
1984.8744,0.0,0.0,0
1985.8502,0.0,0.0,0
1986.826,0.0,0.0,0
1987.8019,0.0,0.0,0
1988.7777,0.0,0.0,0
1989.7535,0.0,0.0,0
1990.7295,0.0,0.0,0
1991.7053,0.0,0.0,0
1992.6812,0.0,0.0,0
1993.657,0.0,0.0,0
1994.6328,0.0,0.0,0
1995.6086,0.0,0.0,0
1996.5845,0.0,0.0,0
1997.5604,0.0,0.0,0
1998.5363,0.0,0.0,0
1999.5121,0.0,0.0,0
2000.4879,0.0,0.0,0
2001.4637,0.0,0.0,0
2002.4396,0.0,0.0,0
2003.4155,0.0,0.0,0
2004.3914,0.0,0.0,0
2005.3672,0.0,0.0,0
2006.343,0.0,0.0,0
2007.3188,0.0,0.0,0
2008.2947,0.0,0.0,0
2009.2705,0.0,0.0,0
2010.2465,0.0,0.0,0
2011.2223,0.0,0.0,0
2012.1981,0.0,0.0,0
2013.174,0.0,0.0,0
2014.1498,0.0,0.0,0
2015.1256,0.0,0.0,0
2016.1014,0.0,0.0,0
2017.0774,0.0,0.0,0
2018.0532,0.0,0.0,0
2019.029,0.0,0.0,0
2020.0049,0.0,0.0,0
2020.9807,0.0,0.0,0
2021.9565,0.0,0.0,0
2022.9324,0.0,0.0,0
2023.9083,0.0,0.0,0
2024.8842,0.0,0.0,0
2025.86,0.0,0.0,0
2026.8358,0.0,0.0,0
2027.8116,0.0,0.0,0
2028.7875,0.0,0.0,0
2029.7633,0.0,0.0,0
2030.7393,0.0,0.0,0
2031.7151,0.0,0.0,0
2032.6909,0.0,0.0,0
2033.6667,0.0,0.0,0
2034.6426,0.0,0.0,0
2035.6184,0.0,0.0,0
2036.5942,0.0,0.0,0
2037.5702,0.0,0.0,0
2038.546,0.0,0.0,0
2039.5219,0.0,0.0,0
2040.4977,0.0,0.0,0
2041.4735,0.0,0.0,0
2042.4493,0.0,0.0,0
2043.4252,0.0,0.0,0
2044.4011,0.0,0.0,0
2045.377,0.0,0.0,0
2046.3528,0.0,0.0,0
2047.3286,0.0,0.0,0
2048.3044,0.0,0.0,0
2049.2803,0.0,0.0,0
2050.256,0.0,0.0,0
2051.232,0.0,0.0,0
2052.2078,0.0,0.0,0
2053.1836,0.0,0.0,0
2054.1597,0.0,0.0,0
2055.1355,0.0,0.0,0
2056.1113,0.0,0.0,0
2057.0872,0.0,0.0,0
2058.063,0.0,0.0,0
2059.0388,0.0,0.0,0
2060.0146,0.0,0.0,0
2060.9905,0.0,0.0,0
2061.9663,0.0,0.0,0
2062.9421,0.0,0.0,0
2063.918,0.0,0.0,0
2064.8938,0.0,0.0,0
2065.8696,0.0,0.0,0
2066.8455,0.0,0.0,0
2067.8215,0.0,0.0,0
2068.7974,0.0,0.0,0
2069.7732,0.0,0.0,0
2070.749,0.0,0.0,0
2071.7249,0.0,0.0,0
2072.7007,0.0,0.0,0
2073.6765,0.0,0.0,0
2074.6523,0.0,0.0,0
2075.6282,0.0,0.0,0
2076.604,0.0,0.0,0
2077.5798,0.0,0.0,0
2078.5557,0.0,0.0,0
2079.5315,0.0,0.0,0
2080.5073,0.0,0.0,0
2081.4834,0.0,0.0,0
2082.4592,0.0,0.0,0
2083.435,0.0,0.0,0
2084.411,0.0,0.0,0
2085.3867,0.0,0.0,0
2086.3625,0.0,0.0,0
2087.3384,0.0,0.0,0
2088.3142,0.0,0.0,0
2089.29,0.0,0.0,0
2090.2659,0.0,0.0,0
2091.2417,0.0,0.0,0
2092.2175,0.0,0.0,0
2093.1934,0.0,0.0,0
2094.1692,0.0,0.0,0
2095.1453,0.0,0.0,0
2096.121,0.0,0.0,0
2097.097,0.0,0.0,0
2098.0728,0.0,0.0,0
2099.0486,0.0,0.0,0
2100.0244,0.0,0.0,0
2101.0002,0.0,0.0,0
2101.976,0.0,0.0,0
2102.952,0.0,0.0,0
2103.9277,0.0,0.0,0
2104.9036,0.0,0.0,0
2105.8794,0.0,0.0,0
2106.8552,0.0,0.0,0
2107.8313,0.0,0.0,0
2108.8071,0.0,0.0,0
2109.783,0.0,0.0,0
2110.7588,0.0,0.0,0
2111.7346,0.0,0.0,0
2112.7104,0.0,0.0,0
2113.6863,0.0,0.0,0
2114.662,0.0,0.0,0
2115.638,0.0,0.0,0
2116.6138,0.0,0.0,0
2117.5896,0.0,0.0,0
2118.5654,0.0,0.0,0
2119.5413,0.0,0.0,0
2120.517,0.0,0.0,0
2121.4932,0.0,0.0,0
2122.469,0.0,0.0,0
2123.4448,0.0,0.0,0
2124.4207,0.0,0.0,0
2125.3965,0.0,0.0,0
2126.3723,0.0,0.0,0
2127.3481,0.0,0.0,0
2128.324,0.0,0.0,0
2129.2998,0.0,0.0,0
2130.2756,0.0,0.0,0
2131.2515,0.0,0.0,0
2132.2273,0.0,0.0,0
2133.2031,0.0,0.0,0
2134.179,0.0,0.0,0
2135.155,0.0,0.0,0
2136.1309,0.0,0.0,0
2137.1067,0.0,0.0,0
2138.0825,0.0,0.0,0
2139.0583,0.0,0.0,0
2140.0342,0.0,0.0,0
2141.01,0.0,0.0,0
2141.9858,0.0,0.0,0
2142.9617,0.0,0.0,0
2143.9375,0.0,0.0,0
2144.9133,0.0,0.0,0
2145.8892,0.0,0.0,0
2146.865,0.0,0.0,0
2147.8408,0.0,0.0,0
2148.817,0.0,0.0,0
2149.7927,0.0,0.0,0
2150.7686,0.0,0.0,0
2151.7444,0.0,0.0,0
2152.7202,0.0,0.0,0
2153.696,0.0,0.0,0
2154.6719,0.0,0.0,0
2155.6477,0.0,0.0,0
2156.6235,0.0,0.0,0
2157.5994,0.0,0.0,0
2158.5752,0.0,0.0,0
2159.551,0.0,0.0,0
2160.5269,0.0,0.0,0
2161.5027,0.0,0.0,0
2162.4788,0.0,0.0,0
2163.4546,0.0,0.0,0
2164.4304,0.0,0.0,0
2165.4062,0.0,0.0,0
2166.382,0.0,0.0,0
2167.358,0.0,0.0,0
2168.3337,0.0,0.0,0
2169.3096,0.0,0.0,0
2170.2854,0.0,0.0,0
2171.2612,0.0,0.0,0
2172.237,0.0,0.0,0
2173.213,0.0,0.0,0
2174.1887,0.0,0.0,0
2175.1648,0.0,0.0,0
2176.1406,0.0,0.0,0
2177.1165,0.0,0.0,0
2178.0923,0.0,0.0,0
2179.068,0.0,0.0,0
2180.044,0.0,0.0,0
2181.0198,0.0,0.0,0
2181.9956,0.0,0.0,0
2182.9714,0.0,0.0,0
2183.9473,0.0,0.0,0
2184.923,0.0,0.0,0
2185.899,0.0,0.0,0
2186.8748,0.0,0.0,0
2187.8506,0.0,0.0,0
2188.8267,0.0,0.0,0
2189.8025,0.0,0.0,0
2190.7783,0.0,0.0,0
2191.7542,0.0,0.0,0
2192.73,0.0,0.0,0
2193.7058,0.0,0.0,0
2194.6816,0.0,0.0,0
2195.6575,0.0,0.0,0
2196.6333,0.0,0.0,0
2197.6091,0.0,0.0,0
2198.585,0.0,0.0,0
2199.5608,0.0,0.0,0
2200.5366,0.0,0.0,0
2201.5125,0.0,0.0,0
2202.4885,0.0,0.0,0
2203.4644,0.0,0.0,0
2204.4402,0.0,0.0,0
2205.416,0.0,0.0,0
2206.3918,0.0,0.0,0
2207.3677,0.0,0.0,0
2208.3435,0.0,0.0,0
2209.3193,0.0,0.0,0
2210.2952,0.0,0.0,0
2211.271,0.0,0.0,0
2212.2468,0.0,0.0,0
2213.2227,0.0,0.0,0
2214.1985,0.0,0.0,0
2215.1743,0.0,0.0,0
2216.1504,0.0,0.0,0
2217.1262,0.0,0.0,0
2218.102,0.0,0.0,0
2219.078,0.0,0.0,0
2220.0537,0.0,0.0,0
2221.0295,0.0,0.0,0
2222.0054,0.0,0.0,0
2222.9812,0.0,0.0,0
2223.957,0.0,0.0,0
2224.9329,0.0,0.0,0
2225.9087,0.0,0.0,0
2226.8845,0.0,0.0,0
2227.8604,0.0,0.0,0
2228.8362,0.0,0.0,0
2229.8123,0.0,0.0,0
2230.788,0.0,0.0,0
2231.764,0.0,0.0,0
2232.7397,0.0,0.0,0
2233.7156,0.0,0.0,0
2234.6914,0.0,0.0,0
2235.6672,0.0,0.0,0
2236.643,0.0,0.0,0
2237.619,0.0,0.0,0
2238.5947,0.0,0.0,0
2239.5706,0.0,0.0,0
2240.5464,0.0,0.0,0
2241.5222,0.0,0.0,0
2242.4983,0.0,0.0,0
2243.474,0.0,0.0,0
2244.45,0.0,0.0,0
2245.4258,0.0,0.0,0
2246.4016,0.0,0.0,0
2247.3774,0.0,0.0,0
2248.3533,0.0,0.0,0
2249.329,0.0,0.0,0
2250.305,0.0,0.0,0
2251.2808,0.0,0.0,0
2252.2566,0.0,0.0,0
2253.2324,0.0,0.0,0
2254.2083,0.0,0.0,0
2255.184,0.0,0.0,0
2256.1602,0.0,0.0,0
2257.136,0.0,0.0,0
2258.1118,0.0,0.0,0
2259.0876,0.0,0.0,0
2260.0635,0.0,0.0,0
2261.0393,0.0,0.0,0
2262.0151,0.0,0.0,0
2262.991,0.0,0.0,0
2263.9668,0.0,0.0,0
2264.9426,0.0,0.0,0
2265.9185,0.0,0.0,0
2266.8943,0.0,0.0,0
2267.87,0.0,0.0,0
2268.846,0.0,0.0,0
2269.822,0.0,0.0,0
2270.7979,0.0,0.0,0
2271.7737,0.0,0.0,0
2272.7495,0.0,0.0,0
2273.7253,0.0,0.0,0
2274.7012,0.0,0.0,0
2275.677,0.0,0.0,0
2276.6528,0.0,0.0,0
2277.6287,0.0,0.0,0
2278.6045,0.0,0.0,0
2279.5803,0.0,0.0,0
2280.5562,0.0,0.0,0
2281.532,0.0,0.0,0
2282.5078,0.0,0.0,0
2283.484,0.0,0.0,0
2284.4597,0.0,0.0,0
2285.4355,0.0,0.0,0
2286.4114,0.0,0.0,0
2287.3872,0.0,0.0,0
2288.363,0.0,0.0,0
2289.3389,0.0,0.0,0
2290.3147,0.0,0.0,0
2291.2905,0.0,0.0,0
2292.2664,0.0,0.0,0
2293.2422,0.0,0.0,0
2294.218,0.0,0.0,0
2295.1938,0.0,0.0,0
2296.1697,0.0,0.0,0
2297.1458,0.0,0.0,0
2298.1216,0.0,0.0,0
2299.0974,0.0,0.0,0
2300.0732,0.0,0.0,0
2301.049,0.0,0.0,0
2302.025,0.0,0.0,0
2303.0007,0.0,0.0,0
2303.9766,0.0,0.0,0
2304.9524,0.0,0.0,0
2305.9282,0.0,0.0,0
2306.904,0.0,0.0,0
2307.88,0.0,0.0,0
2308.8557,0.0,0.0,0
2309.8318,0.0,0.0,0
2310.8076,0.0,0.0,0
2311.7834,0.0,0.0,0
2312.7593,0.0,0.0,0
2313.735,0.0,0.0,0
2314.711,0.0,0.0,0
2315.6868,0.0,0.0,0
2316.6626,0.0,0.0,0
2317.6384,0.0,0.0,0
2318.6143,0.0,0.0,0
2319.59,0.0,0.0,0
2320.566,0.0,0.0,0
2321.5417,0.0,0.0,0
2322.5176,0.0,0.0,0
2323.4937,0.0,0.0,0
2324.4695,0.0,0.0,0
2325.4453,0.0,0.0,0
2326.4211,0.0,0.0,0
2327.397,0.0,0.0,0
2328.3728,0.0,0.0,0
2329.3486,0.0,0.0,0
2330.3245,0.0,0.0,0
2331.3003,0.0,0.0,0
2332.2761,0.0,0.0,0
2333.252,0.0,0.0,0
2334.2278,0.0,0.0,0
2335.2036,0.0,0.0,0
2336.1794,0.0,0.0,0
2337.1555,0.0,0.0,0
2338.1313,0.0,0.0,0
2339.1072,0.0,0.0,0
2340.083,0.0,0.0,0
2341.0588,0.0,0.0,0
2342.0347,0.0,0.0,0
2343.0105,0.0,0.0,0
2343.9863,0.0,0.0,0
2344.9622,0.0,0.0,0
2345.938,0.0,0.0,0
2346.9138,0.0,0.0,0
2347.8896,0.0,0.0,0
2348.8655,0.0,0.0,0
2349.8413,0.0,0.0,0
2350.8174,0.0,0.0,0
2351.7932,0.0,0.0,0
2352.769,0.0,0.0,0
2353.7449,0.0,0.0,0
2354.7207,0.0,0.0,0
2355.6965,0.0,0.0,0
2356.6724,0.0,0.0,0
2357.6482,0.0,0.0,0
2358.624,0.0,0.0,0
2359.5999,0.0,0.0,0
2360.5757,0.0,0.0,0
2361.5515,0.0,0.0,0
2362.5273,0.0,0.0,0
2363.5032,0.0,0.0,0
2364.4792,0.0,0.0,0
2365.455,0.0,0.0,0
2366.431,0.0,0.0,0
2367.4067,0.0,0.0,0
2368.3826,0.0,0.0,0
2369.3584,0.0,0.0,0
2370.3342,0.0,0.0,0
2371.31,0.0,0.0,0
2372.286,0.0,0.0,0
2373.2617,0.0,0.0,0
2374.2375,0.0,0.0,0
2375.2134,0.0,0.0,0
2376.1892,0.0,0.0,0
2377.1653,0.0,0.0,0
2378.141,0.0,0.0,0
2379.117,0.0,0.0,0
2380.0928,0.0,0.0,0
2381.0686,0.0,0.0,0
2382.0444,0.0,0.0,0
2383.0203,0.0,0.0,0
2383.996,0.0,0.0,0
2384.972,0.0,0.0,0
2385.9478,0.0,0.0,0
2386.9236,0.0,0.0,0
2387.8994,0.0,0.0,0
2388.8752,0.0,0.0,0
2389.851,0.0,0.0,0
2390.8271,0.0,0.0,0
2391.803,0.0,0.0,0
2392.7788,0.0,0.0,0
2393.7546,0.0,0.0,0
2394.7305,0.0,0.0,0
2395.7063,0.0,0.0,0
2396.6821,0.0,0.0,0
2397.658,0.0,0.0,0
2398.6338,0.0,0.0,0
2399.6096,0.0,0.0,0
2400.5854,0.0,0.0,0
2401.5613,0.0,0.0,0
2402.537,0.0,0.0,0
2403.513,0.0,0.0,0
2404.489,0.0,0.0,0
2405.4648,0.0,0.0,0
2406.4407,0.0,0.0,0
2407.4165,0.0,0.0,0
2408.3923,0.0,0.0,0
2409.3682,0.0,0.0,0
2410.344,0.0,0.0,0
2411.3198,0.0,0.0,0
2412.2957,0.0,0.0,0
2413.2715,0.0,0.0,0
2414.2473,0.0,0.0,0
2415.2231,0.0,0.0,0
2416.199,0.0,0.0,0
2417.1748,0.0,0.0,0
2418.151,0.0,0.0,0
2419.1267,0.0,0.0,0
2420.1025,0.0,0.0,0
2421.0784,0.0,0.0,0
2422.0542,0.0,0.0,0
2423.03,0.0,0.0,0
2424.0059,0.0,0.0,0
2424.9817,0.0,0.0,0
2425.9575,0.0,0.0,0
2426.9333,0.0,0.0,0
2427.9092,0.0,0.0,0
2428.885,0.0,0.0,0
2429.8608,0.0,0.0,0
2430.8367,0.0,0.0,0
2431.8127,0.0,0.0,0
2432.7886,0.0,0.0,0
2433.7644,0.0,0.0,0
2434.7402,0.0,0.0,0
2435.716,0.0,0.0,0
2436.692,0.0,0.0,0
2437.6677,0.0,0.0,0
2438.6436,0.0,0.0,0
2439.6194,0.0,0.0,0
2440.5952,0.0,0.0,0
2441.571,0.0,0.0,0
2442.5469,0.0,0.0,0
2443.5227,0.0,0.0,0
2444.4988,0.0,0.0,0
2445.4746,0.0,0.0,0
2446.4504,0.0,0.0,0
2447.4263,0.0,0.0,0
2448.402,0.0,0.0,0
2449.378,0.0,0.0,0
2450.3538,0.0,0.0,0
2451.3296,0.0,0.0,0
2452.3054,0.0,0.0,0
2453.2812,0.0,0.0,0
2454.257,0.0,0.0,0
2455.233,0.0,0.0,0
2456.2087,0.0,0.0,0
2457.1846,0.0,0.0,0
2458.1606,0.0,0.0,0
2459.1365,0.0,0.0,0
2460.1123,0.0,0.0,0
2461.0881,0.0,0.0,0
2462.064,0.0,0.0,0
2463.0398,0.0,0.0,0
2464.0156,0.0,0.0,0
2464.9915,0.0,0.0,0
2465.9673,0.0,0.0,0
2466.943,0.0,0.0,0
2467.919,0.0,0.0,0
2468.8948,0.0,0.0,0
2469.8706,0.0,0.0,0
2470.8464,0.0,0.0,0
2471.8225,0.0,0.0,0
2472.7983,0.0,0.0,0
2473.7742,0.0,0.0,0
2474.75,0.0,0.0,0
2475.7258,0.0,0.0,0
2476.7017,0.0,0.0,0
2477.6775,0.0,0.0,0
2478.6533,0.0,0.0,0
2479.6292,0.0,0.0,0
2480.605,0.0,0.0,0
2481.5808,0.0,0.0,0
2482.5566,0.0,0.0,0
2483.5325,0.0,0.0,0
2484.5083,0.0,0.0,0
2485.4844,0.0,0.0,0
2486.4602,0.0,0.0,0
2487.436,0.0,0.0,0
2488.4119,0.0,0.0,0
2489.3877,0.0,0.0,0
2490.3635,0.0,0.0,0
2491.3394,0.0,0.0,0
2492.3152,0.0,0.0,0
2493.291,0.0,0.0,0
2494.2668,0.0,0.0,0
2495.2427,0.0,0.0,0
2496.2185,0.0,0.0,0
2497.1943,0.0,0.0,0
2498.1702,0.0,0.0,0
2499.1462,0.0,0.0,0
2500.122,0.0,0.0,0
2501.098,0.0,0.0,0
2502.0737,0.0,0.0,0
2503.0496,0.0,0.0,0
2504.0254,0.0,0.0,0
2505.0012,0.0,0.0,0
2505.977,0.0,0.0,0
2506.953,0.0,0.0,0
2507.9287,0.0,0.0,0
2508.9045,0.0,0.0,0
2509.8804,0.0,0.0,0
2510.8562,0.0,0.0,0
2511.8323,0.0,0.0,0
2512.808,0.0,0.0,0
2513.784,0.0,0.0,0
2514.7598,0.0,0.0,0
2515.7356,0.0,0.0,0
2516.7114,0.0,0.0,0
2517.6873,0.0,0.0,0
2518.663,0.0,0.0,0
2519.639,0.0,0.0,0
2520.6147,0.0,0.0,0
2521.5906,0.0,0.0,0
2522.5664,0.0,0.0,0
2523.5422,0.0,0.0,0
2524.518,0.0,0.0,0
2525.4941,0.0,0.0,0
2526.47,0.0,0.0,0
2527.4458,0.0,0.0,0
2528.4216,0.0,0.0,0
2529.3975,0.0,0.0,0
2530.3733,0.0,0.0,0
2531.349,0.0,0.0,0
2532.325,0.0,0.0,0
2533.3008,0.0,0.0,0
2534.2766,0.0,0.0,0
2535.2524,0.0,0.0,0
2536.2283,0.0,0.0,0
2537.204,0.0,0.0,0
2538.18,0.0,0.0,0
2539.156,0.0,0.0,0
2540.1318,0.0,0.0,0
2541.1077,0.0,0.0,0
2542.0835,0.0,0.0,0
2543.0593,0.0,0.0,0
2544.0352,0.0,0.0,0
2545.011,0.0,0.0,0
2545.9868,0.0,0.0,0
2546.9626,0.0,0.0,0
2547.9385,0.0,0.0,0
2548.9143,0.0,0.0,0
2549.8901,0.0,0.0,0
2550.866,0.0,0.0,0
2551.8418,0.0,0.0,0
2552.8179,0.0,0.0,0
2553.7937,0.0,0.0,0
2554.7695,0.0,0.0,0
2555.7454,0.0,0.0,0
2556.7212,0.0,0.0,0
2557.697,0.0,0.0,0
2558.6729,0.0,0.0,0
2559.6487,0.0,0.0,0
2560.6245,0.0,0.0,0
2561.6003,0.0,0.0,0
2562.5762,0.0,0.0,0
2563.552,0.0,0.0,0
2564.5278,0.0,0.0,0
2565.5037,0.0,0.0,0
2566.4797,0.0,0.0,0
2567.4556,0.0,0.0,0
2568.4314,0.0,0.0,0
2569.4072,0.0,0.0,0
2570.383,0.0,0.0,0
2571.359,0.0,0.0,0
2572.3347,0.0,0.0,0
2573.3105,0.0,0.0,0
2574.2864,0.0,0.0,0
2575.2622,0.0,0.0,0
2576.238,0.0,0.0,0
2577.2139,0.0,0.0,0
2578.1897,0.0,0.0,0
2579.1658,0.0,0.0,0
2580.1416,0.0,0.0,0
2581.1174,0.0,0.0,0
2582.0933,0.0,0.0,0
2583.069,0.0,0.0,0
2584.045,0.0,0.0,0
2585.0208,0.0,0.0,0
2585.9966,0.0,0.0,0
2586.9724,0.0,0.0,0
2587.9482,0.0,0.0,0
2588.924,0.0,0.0,0
2589.9,0.0,0.0,0
2590.8757,0.0,0.0,0
2591.8516,0.0,0.0,0
2592.8276,0.0,0.0,0
2593.8035,0.0,0.0,0
2594.7793,0.0,0.0,0
2595.7551,0.0,0.0,0
2596.731,0.0,0.0,0
2597.7068,0.0,0.0,0
2598.6826,0.0,0.0,0
2599.6584,0.0,0.0,0
2600.6343,0.0,0.0,0
2601.61,0.0,0.0,0
2602.586,0.0,0.0,0
2603.5618,0.0,0.0,0
2604.5376,0.0,0.0,0
2605.5134,0.0,0.0,0
2606.4895,0.0,0.0,0
2607.4653,0.0,0.0,0
2608.4412,0.0,0.0,0
2609.417,0.0,0.0,0
2610.3928,0.0,0.0,0
2611.3687,0.0,0.0,0
2612.3445,0.0,0.0,0
2613.3203,0.0,0.0,0
2614.2961,0.0,0.0,0
2615.272,0.0,0.0,0
2616.2478,0.0,0.0,0
2617.2236,0.0,0.0,0
2618.1995,0.0,0.0,0
2619.1753,0.0,0.0,0
2620.1514,0.0,0.0,0
2621.1272,0.0,0.0,0
2622.103,0.0,0.0,0
2623.0789,0.0,0.0,0
2624.0547,0.0,0.0,0
2625.0305,0.0,0.0,0
2626.0063,0.0,0.0,0
2626.9822,0.0,0.0,0
2627.958,0.0,0.0,0
2628.9338,0.0,0.0,0
2629.9097,0.0,0.0,0
2630.8855,0.0,0.0,0
2631.8613,0.0,0.0,0
2632.8372,0.0,0.0,0
2633.8132,0.0,0.0,0
2634.789,0.0,0.0,0
2635.765,0.0,0.0,0
2636.7407,0.0,0.0,0
2637.7166,0.0,0.0,0
2638.6924,0.0,0.0,0
2639.6682,0.0,0.0,0
2640.644,0.0,0.0,0
2641.6199,0.0,0.0,0
2642.5957,0.0,0.0,0
2643.5715,0.0,0.0,0
2644.5474,0.0,0.0,0
2645.5232,0.0,0.0,0
2646.4993,0.0,0.0,0
2647.475,0.0,0.0,0
2648.451,0.0,0.0,0
2649.4268,0.0,0.0,0
2650.4026,0.0,0.0,0
2651.3784,0.0,0.0,0
2652.3542,0.0,0.0,0
2653.33,0.0,0.0,0
2654.306,0.0,0.0,0
2655.2817,0.0,0.0,0
2656.2576,0.0,0.0,0
2657.2334,0.0,0.0,0
2658.2092,0.0,0.0,0
2659.185,0.0,0.0,0
2660.1611,0.0,0.0,0
2661.137,0.0,0.0,0
2662.1128,0.0,0.0,0
2663.0886,0.0,0.0,0
2664.0645,0.0,0.0,0
2665.0403,0.0,0.0,0
2666.016,0.0,0.0,0
2666.992,0.0,0.0,0
2667.9678,0.0,0.0,0
2668.9436,0.0,0.0,0
2669.9194,0.0,0.0,0
2670.8953,0.0,0.0,0
2671.871,0.0,0.0,0
2672.847,0.0,0.0,0
2673.823,0.0,0.0,0
2674.7988,0.0,0.0,0
2675.7747,0.0,0.0,0
2676.7505,0.0,0.0,0
2677.7263,0.0,0.0,0
2678.7021,0.0,0.0,0
2679.678,0.0,0.0,0
2680.6538,0.0,0.0,0
2681.6296,0.0,0.0,0
2682.6055,0.0,0.0,0
2683.5813,0.0,0.0,0
2684.5571,0.0,0.0,0
2685.533,0.0,0.0,0
2686.5088,0.0,0.0,0
2687.4849,0.0,0.0,0
2688.4607,0.0,0.0,0
2689.4365,0.0,0.0,0
2690.4124,0.0,0.0,0
2691.3882,0.0,0.0,0
2692.364,0.0,0.0,0
2693.3398,0.0,0.0,0
2694.3157,0.0,0.0,0
2695.2915,0.0,0.0,0
2696.2673,0.0,0.0,0
2697.2432,0.0,0.0,0
2698.219,0.0,0.0,0
2699.1948,0.0,0.0,0
2700.1707,0.0,0.0,0
2701.1467,0.0,0.0,0
2702.1226,0.0,0.0,0
2703.0984,0.0,0.0,0
2704.0742,0.0,0.0,0
2705.05,0.0,0.0,0
2706.026,0.0,0.0,0
2707.0017,0.0,0.0,0
2707.9775,0.0,0.0,0
2708.9534,0.0,0.0,0
2709.9292,0.0,0.0,0
2710.905,0.0,0.0,0
2711.8809,0.0,0.0,0
2712.8567,0.0,0.0,0
2713.8328,0.0,0.0,0
2714.8086,0.0,0.0,0
2715.7844,0.0,0.0,0
2716.7603,0.0,0.0,0
2717.736,0.0,0.0,0
2718.712,0.0,0.0,0
2719.6877,0.0,0.0,0
2720.6636,0.0,0.0,0
2721.6394,0.0,0.0,0
2722.6152,0.0,0.0,0
2723.591,0.0,0.0,0
2724.567,0.0,0.0,0
2725.5427,0.0,0.0,0
2726.5186,0.0,0.0,0
2727.4946,0.0,0.0,0
2728.4705,0.0,0.0,0
2729.4463,0.0,0.0,0
2730.422,0.0,0.0,0
2731.398,0.0,0.0,0
2732.3738,0.0,0.0,0
2733.3496,0.0,0.0,0
2734.3254,0.0,0.0,0
2735.3013,0.0,0.0,0
2736.277,0.0,0.0,0
2737.253,0.0,0.0,0
2738.2288,0.0,0.0,0
2739.2046,0.0,0.0,0
2740.1804,0.0,0.0,0
2741.1565,0.0,0.0,0
2742.1323,0.0,0.0,0
2743.1082,0.0,0.0,0
2744.084,0.0,0.0,0
2745.0598,0.0,0.0,0
2746.0356,0.0,0.0,0
2747.0115,0.0,0.0,0
2747.9873,0.0,0.0,0
2748.9631,0.0,0.0,0
2749.939,0.0,0.0,0
2750.9148,0.0,0.0,0
2751.8906,0.0,0.0,0
2752.8665,0.0,0.0,0
2753.8423,0.0,0.0,0
2754.8184,0.0,0.0,0
2755.7942,0.0,0.0,0
2756.77,0.0,0.0,0
2757.7458,0.0,0.0,0
2758.7217,0.0,0.0,0
2759.6975,0.0,0.0,0
2760.6733,0.0,0.0,0
2761.6492,0.0,0.0,0
2762.625,0.0,0.0,0
2763.6008,0.0,0.0,0
2764.5767,0.0,0.0,0
2765.5525,0.0,0.0,0
2766.5283,0.0,0.0,0
2767.5042,0.0,0.0,0
2768.4802,0.0,0.0,0
2769.456,0.0,0.0,0
2770.432,0.0,0.0,0
2771.4077,0.0,0.0,0
2772.3835,0.0,0.0,0
2773.3594,0.0,0.0,0
2774.3352,0.0,0.0,0
2775.311,0.0,0.0,0
2776.2869,0.0,0.0,0
2777.2627,0.0,0.0,0
2778.2385,0.0,0.0,0
2779.2144,0.0,0.0,0
2780.1902,0.0,0.0,0
2781.1663,0.0,0.0,0
2782.142,0.0,0.0,0
2783.118,0.0,0.0,0
2784.0938,0.0,0.0,0
2785.0696,0.0,0.0,0
2786.0454,0.0,0.0,0
2787.0212,0.0,0.0,0
2787.997,0.0,0.0,0
2788.973,0.0,0.0,0
2789.9487,0.0,0.0,0
2790.9246,0.0,0.0,0
2791.9004,0.0,0.0,0
2792.8762,0.0,0.0,0
2793.852,0.0,0.0,0
2794.8281,0.0,0.0,0
2795.804,0.0,0.0,0
2796.7798,0.0,0.0,0
2797.7556,0.0,0.0,0
2798.7314,0.0,0.0,0
2799.7073,0.0,0.0,0
2800.683,0.0,0.0,0
2801.659,0.0,0.0,0
2802.6348,0.0,0.0,0
2803.6106,0.0,0.0,0
2804.5864,0.0,0.0,0
2805.5623,0.0,0.0,0
2806.538,0.0,0.0,0
2807.514,0.0,0.0,0
2808.49,0.0,0.0,0
2809.4658,0.0,0.0,0
2810.4417,0.0,0.0,0
2811.4175,0.0,0.0,0
2812.3933,0.0,0.0,0
2813.3691,0.0,0.0,0
2814.345,0.0,0.0,0
2815.3208,0.0,0.0,0
2816.2966,0.0,0.0,0
2817.2725,0.0,0.0,0
2818.2483,0.0,0.0,0
2819.224,0.0,0.0,0
2820.2,0.0,0.0,0
2821.1758,0.0,0.0,0
2822.1519,0.0,0.0,0
2823.1277,0.0,0.0,0
2824.1035,0.0,0.0,0
2825.0793,0.0,0.0,0
2826.0552,0.0,0.0,0
2827.031,0.0,0.0,0
2828.0068,0.0,0.0,0
2828.9827,0.0,0.0,0
2829.9585,0.0,0.0,0
2830.9343,0.0,0.0,0
2831.9102,0.0,0.0,0
2832.886,0.0,0.0,0
2833.8618,0.0,0.0,0
2834.8376,0.0,0.0,0
2835.8137,0.0,0.0,0
2836.7896,0.0,0.0,0
2837.7654,0.0,0.0,0
2838.7412,0.0,0.0,0
2839.717,0.0,0.0,0
2840.6929,0.0,0.0,0
2841.6687,0.0,0.0,0
2842.6445,0.0,0.0,0
2843.6204,0.0,0.0,0
2844.5962,0.0,0.0,0
2845.572,0.0,0.0,0
2846.5479,0.0,0.0,0
2847.5237,0.0,0.0,0
2848.4998,0.0,0.0,0
2849.4756,0.0,0.0,0
2850.4514,0.0,0.0,0
2851.4272,0.0,0.0,0
2852.403,0.0,0.0,0
2853.379,0.0,0.0,0
2854.3547,0.0,0.0,0
2855.3306,0.0,0.0,0
2856.3064,0.0,0.0,0
2857.2822,0.0,0.0,0
2858.258,0.0,0.0,0
2859.234,0.0,0.0,0
2860.2097,0.0,0.0,0
2861.1855,0.0,0.0,0
2862.1616,0.0,0.0,0
2863.1375,0.0,0.0,0
2864.1133,0.0,0.0,0
2865.089,0.0,0.0,0
2866.065,0.0,0.0,0
2867.0408,0.0,0.0,0
2868.0166,0.0,0.0,0
2868.9924,0.0,0.0,0
2869.9683,0.0,0.0,0
2870.944,0.0,0.0,0
2871.92,0.0,0.0,0
2872.8958,0.0,0.0,0
2873.8716,0.0,0.0,0
2874.8474,0.0,0.0,0
2875.8235,0.0,0.0,0
2876.7993,0.0,0.0,0
2877.7751,0.0,0.0,0
2878.751,0.0,0.0,0
2879.7268,0.0,0.0,0
2880.7026,0.0,0.0,0
2881.6785,0.0,0.0,0
2882.6543,0.0,0.0,0
2883.6301,0.0,0.0,0
2884.606,0.0,0.0,0
2885.5818,0.0,0.0,0
2886.5576,0.0,0.0,0
2887.5334,0.0,0.0,0
2888.5093,0.0,0.0,0
2889.4854,0.0,0.0,0
2890.4612,0.0,0.0,0
2891.437,0.0,0.0,0
2892.4128,0.0,0.0,0
2893.3887,0.0,0.0,0
2894.3645,0.0,0.0,0
2895.3403,0.0,0.0,0
2896.3162,0.0,0.0,0
2897.292,0.0,0.0,0
2898.2678,0.0,0.0,0
2899.2437,0.0,0.0,0
2900.2195,0.0,0.0,0
2901.1953,0.0,0.0,0
2902.1711,0.0,0.0,0
2903.1472,0.0,0.0,0
2904.123,0.0,0.0,0
2905.0989,0.0,0.0,0
2906.0747,0.0,0.0,0
2907.0505,0.0,0.0,0
2908.0264,0.0,0.0,0
2909.0022,0.0,0.0,0
2909.978,0.0,0.0,0
2910.9539,0.0,0.0,0
2911.9297,0.0,0.0,0
2912.9055,0.0,0.0,0
2913.8813,0.0,0.0,0
2914.8572,0.0,0.0,0
2915.8333,0.0,0.0,0
2916.809,0.0,0.0,0
2917.785,0.0,0.0,0
2918.7607,0.0,0.0,0
2919.7366,0.0,0.0,0
2920.7124,0.0,0.0,0
2921.6882,0.0,0.0,0
2922.664,0.0,0.0,0
2923.64,0.0,0.0,0
2924.6157,0.0,0.0,0
2925.5916,0.0,0.0,0
2926.5674,0.0,0.0,0
2927.5432,0.0,0.0,0
2928.519,0.0,0.0,0
2929.495,0.0,0.0,0
2930.471,0.0,0.0,0
2931.4468,0.0,0.0,0
2932.4226,0.0,0.0,0
2933.3984,0.0,0.0,0
2934.3743,0.0,0.0,0
2935.35,0.0,0.0,0
2936.326,0.0,0.0,0
2937.3018,0.0,0.0,0
2938.2776,0.0,0.0,0
2939.2534,0.0,0.0,0
2940.2292,0.0,0.0,0
2941.205,0.0,0.0,0
2942.181,0.0,0.0,0
2943.157,0.0,0.0,0
2944.1328,0.0,0.0,0
2945.1086,0.0,0.0,0
2946.0845,0.0,0.0,0
2947.0603,0.0,0.0,0
2948.0361,0.0,0.0,0
2949.012,0.0,0.0,0
2949.9878,0.0,0.0,0
2950.9636,0.0,0.0,0
2951.9395,0.0,0.0,0
2952.9153,0.0,0.0,0
2953.891,0.0,0.0,0
2954.867,0.0,0.0,0
2955.8428,0.0,0.0,0
2956.8188,0.0,0.0,0
2957.7947,0.0,0.0,0
2958.7705,0.0,0.0,0
2959.7463,0.0,0.0,0
2960.7222,0.0,0.0,0
2961.698,0.0,0.0,0
2962.6738,0.0,0.0,0
2963.6497,0.0,0.0,0
2964.6255,0.0,0.0,0
2965.6013,0.0,0.0,0
2966.5771,0.0,0.0,0
2967.553,0.0,0.0,0
2968.5288,0.0,0.0,0
2969.5046,0.0,0.0,0
2970.4807,0.0,0.0,0
2971.4565,0.0,0.0,0
2972.4324,0.0,0.0,0
2973.4082,0.0,0.0,0
2974.384,0.0,0.0,0
2975.3599,0.0,0.0,0
2976.3357,0.0,0.0,0
2977.3115,0.0,0.0,0
2978.2874,0.0,0.0,0
2979.2632,0.0,0.0,0
2980.239,0.0,0.0,0
2981.2148,0.0,0.0,0
2982.1907,0.0,0.0,0
2983.1667,0.0,0.0,0
2984.1426,0.0,0.0,0
2985.1184,0.0,0.0,0
2986.0942,0.0,0.0,0
2987.07,0.0,0.0,0
2988.046,0.0,0.0,0
2989.0217,0.0,0.0,0
2989.9976,0.0,0.0,0
2990.9734,0.0,0.0,0
2991.9492,0.0,0.0,0
2992.925,0.0,0.0,0
2993.901,0.0,0.0,0
2994.8767,0.0,0.0,0
2995.8525,0.0,0.0,0
2996.8286,0.0,0.0,0
2997.8044,0.0,0.0,0
2998.7803,0.0,0.0,0
2999.756,0.0,0.0,0
3000.732,0.0,0.0,0
3001.7078,0.0,0.0,0
3002.6836,0.0,0.0,0
3003.6594,0.0,0.0,0
3004.6353,0.0,0.0,0
3005.611,0.0,0.0,0
3006.587,0.0,0.0,0
3007.5627,0.0,0.0,0
3008.5386,0.0,0.0,0
3009.5144,0.0,0.0,0
3010.4905,0.0,0.0,0
3011.4663,0.0,0.0,0
3012.4421,0.0,0.0,0
3013.418,0.0,0.0,0
3014.3938,0.0,0.0,0
3015.3696,0.0,0.0,0
3016.3455,0.0,0.0,0
3017.3213,0.0,0.0,0
3018.297,0.0,0.0,0
3019.273,0.0,0.0,0
3020.2488,0.0,0.0,0
3021.2246,0.0,0.0,0
3022.2004,0.0,0.0,0
3023.1763,0.0,0.0,0
3024.1523,0.0,0.0,0
3025.1282,0.0,0.0,0
3026.104,0.0,0.0,0
3027.0798,0.0,0.0,0
3028.0557,0.0,0.0,0
3029.0315,0.0,0.0,0
3030.0073,0.0,0.0,0
3030.9832,0.0,0.0,0
3031.959,0.0,0.0,0
3032.9348,0.0,0.0,0
3033.9106,0.0,0.0,0
3034.8865,0.0,0.0,0
3035.8623,0.0,0.0,0
3036.8381,0.0,0.0,0
3037.8142,0.0,0.0,0
3038.79,0.0,0.0,0
3039.7659,0.0,0.0,0
3040.7417,0.0,0.0,0
3041.7175,0.0,0.0,0
3042.6934,0.0,0.0,0
3043.6692,0.0,0.0,0
3044.645,0.0,0.0,0
3045.6208,0.0,0.0,0
3046.5967,0.0,0.0,0
3047.5725,0.0,0.0,0
3048.5483,0.0,0.0,0
3049.5242,0.0,0.0,0
3050.5,0.0,0.0,0
3051.476,0.0,0.0,0
3052.452,0.0,0.0,0
3053.4277,0.0,0.0,0
3054.4036,0.0,0.0,0
3055.3794,0.0,0.0,0
3056.3552,0.0,0.0,0
3057.331,0.0,0.0,0
3058.307,0.0,0.0,0
3059.2827,0.0,0.0,0
3060.2585,0.0,0.0,0
3061.2344,0.0,0.0,0
3062.2102,0.0,0.0,0
3063.186,0.0,0.0,0
3064.162,0.0,0.0,0
3065.138,0.0,0.0,0
3066.1138,0.0,0.0,0
3067.0896,0.0,0.0,0
3068.0654,0.0,0.0,0
3069.0413,0.0,0.0,0
3070.017,0.0,0.0,0
3070.993,0.0,0.0,0
3071.9688,0.0,0.0,0
3072.9446,0.0,0.0,0
3073.9204,0.0,0.0,0
3074.8962,0.0,0.0,0
3075.872,0.0,0.0,0
3076.848,0.0,0.0,0
3077.824,0.0,0.0,0
3078.7998,0.0,0.0,0
3079.7756,0.0,0.0,0
3080.7515,0.0,0.0,0
3081.7273,0.0,0.0,0
3082.7031,0.0,0.0,0
3083.679,0.0,0.0,0
3084.6548,0.0,0.0,0
3085.6306,0.0,0.0,0
3086.6064,0.0,0.0,0
3087.5823,0.0,0.0,0
3088.558,0.0,0.0,0
3089.534,0.0,0.0,0
3090.5098,0.0,0.0,0
3091.4858,0.0,0.0,0
3092.4617,0.0,0.0,0
3093.4375,0.0,0.0,0
3094.4133,0.0,0.0,0
3095.3892,0.0,0.0,0
3096.365,0.0,0.0,0
3097.3408,0.0,0.0,0
3098.3167,0.0,0.0,0
3099.2925,0.0,0.0,0
3100.2683,0.0,0.0,0
3101.2441,0.0,0.0,0
3102.22,0.0,0.0,0
3103.1958,0.0,0.0,0
3104.1716,0.0,0.0,0
3105.1477,0.0,0.0,0
3106.1235,0.0,0.0,0
3107.0994,0.0,0.0,0
3108.0752,0.0,0.0,0
3109.051,0.0,0.0,0
3110.0269,0.0,0.0,0
3111.0027,0.0,0.0,0
3111.9785,0.0,0.0,0
3112.9543,0.0,0.0,0
3113.9302,0.0,0.0,0
3114.906,0.0,0.0,0
3115.8818,0.0,0.0,0
3116.8577,0.0,0.0,0
3117.8335,0.0,0.0,0
3118.8096,0.0,0.0,0
3119.7854,0.0,0.0,0
3120.7612,0.0,0.0,0
3121.737,0.0,0.0,0
3122.713,0.0,0.0,0
3123.6887,0.0,0.0,0
3124.6646,0.0,0.0,0
3125.6404,0.0,0.0,0
3126.6162,0.0,0.0,0
3127.592,0.0,0.0,0
3128.5679,0.0,0.0,0
3129.5437,0.0,0.0,0
3130.5195,0.0,0.0,0
3131.4956,0.0,0.0,0
3132.4714,0.0,0.0,0
3133.4473,0.0,0.0,0
3134.423,0.0,0.0,0
3135.399,0.0,0.0,0
3136.3748,0.0,0.0,0
3137.3506,0.0,0.0,0
3138.3264,0.0,0.0,0
3139.3022,0.0,0.0,0
3140.278,0.0,0.0,0
3141.254,0.0,0.0,0
3142.2297,0.0,0.0,0
3143.2056,0.0,0.0,0
3144.1814,0.0,0.0,0
3145.1575,0.0,0.0,0
3146.1333,0.0,0.0,0
3147.1091,0.0,0.0,0
3148.085,0.0,0.0,0
3149.0608,0.0,0.0,0
3150.0366,0.0,0.0,0
3151.0125,0.0,0.0,0
3151.9883,0.0,0.0,0
3152.964,0.0,0.0,0
3153.94,0.0,0.0,0
3154.9158,0.0,0.0,0
3155.8916,0.0,0.0,0
3156.8674,0.0,0.0,0
3157.8433,0.0,0.0,0
3158.8193,0.0,0.0,0
3159.7952,0.0,0.0,0
3160.771,0.0,0.0,0
3161.7468,0.0,0.0,0
3162.7227,0.0,0.0,0
3163.6985,0.0,0.0,0
3164.6743,0.0,0.0,0
3165.6501,0.0,0.0,0
3166.626,0.0,0.0,0
3167.6018,0.0,0.0,0
3168.5776,0.0,0.0,0
3169.5535,0.0,0.0,0
3170.5293,0.0,0.0,0
3171.5051,0.0,0.0,0
3172.4812,0.0,0.0,0
3173.457,0.0,0.0,0
3174.4329,0.0,0.0,0
3175.4087,0.0,0.0,0
3176.3845,0.0,0.0,0
3177.3604,0.0,0.0,0
3178.3362,0.0,0.0,0
3179.312,0.0,0.0,0
3180.2878,0.0,0.0,0
3181.2637,0.0,0.0,0
3182.2395,0.0,0.0,0
3183.2153,0.0,0.0,0
3184.1912,0.0,0.0,0
3185.167,0.0,0.0,0
3186.143,0.0,0.0,0
3187.119,0.0,0.0,0
3188.0947,0.0,0.0,0
3189.0706,0.0,0.0,0
3190.0464,0.0,0.0,0
3191.0222,0.0,0.0,0
3191.998,0.0,0.0,0
3192.9739,0.0,0.0,0
3193.9497,0.0,0.0,0
3194.9255,0.0,0.0,0
3195.9014,0.0,0.0,0
3196.8772,0.0,0.0,0
3197.853,0.0,0.0,0
3198.829,0.0,0.0,0
3199.805,0.0,0.0,0
3200.7808,0.0,0.0,0
3201.7566,0.0,0.0,0
3202.7324,0.0,0.0,0
3203.7083,0.0,0.0,0
3204.684,0.0,0.0,0
3205.66,0.0,0.0,0
3206.6357,0.0,0.0,0
3207.6116,0.0,0.0,0
3208.5874,0.0,0.0,0
3209.5632,0.0,0.0,0
3210.539,0.0,0.0,0
3211.515,0.0,0.0,0
3212.491,0.0,0.0,0
3213.4668,0.0,0.0,0
3214.4426,0.0,0.0,0
3215.4185,0.0,0.0,0
3216.3943,0.0,0.0,0
3217.37,0.0,0.0,0
3218.346,0.0,0.0,0
3219.3218,0.0,0.0,0
3220.2976,0.0,0.0,0
3221.2734,0.0,0.0,0
3222.2493,0.0,0.0,0
3223.225,0.0,0.0,0
3224.201,0.0,0.0,0
3225.1768,0.0,0.0,0
3226.1528,0.0,0.0,0
3227.1287,0.0,0.0,0
3228.1045,0.0,0.0,0
3229.0803,0.0,0.0,0
3230.0562,0.0,0.0,0
3231.032,0.0,0.0,0
3232.0078,0.0,0.0,0
3232.9836,0.0,0.0,0
3233.9595,0.0,0.0,0
3234.9353,0.0,0.0,0
3235.9111,0.0,0.0,0
3236.887,0.0,0.0,0
3237.8628,0.0,0.0,0
3238.8386,0.0,0.0,0
3239.8147,0.0,0.0,0
3240.7905,0.0,0.0,0
3241.7664,0.0,0.0,0
3242.7422,0.0,0.0,0
3243.718,0.0,0.0,0
3244.6938,0.0,0.0,0
3245.6697,0.0,0.0,0
3246.6455,0.0,0.0,0
3247.6213,0.0,0.0,0
3248.5972,0.0,0.0,0
3249.573,0.0,0.0,0
3250.5488,0.0,0.0,0
3251.5247,0.0,0.0,0
3252.5005,0.0,0.0,0
3253.4766,0.0,0.0,0
3254.4524,0.0,0.0,0
3255.4282,0.0,0.0,0
3256.404,0.0,0.0,0
3257.38,0.0,0.0,0
3258.3557,0.0,0.0,0
3259.3315,0.0,0.0,0
3260.3074,0.0,0.0,0
3261.2832,0.0,0.0,0
3262.259,0.0,0.0,0
3263.2349,0.0,0.0,0
3264.2107,0.0,0.0,0
3265.1865,0.0,0.0,0
3266.1626,0.0,0.0,0
3267.1384,0.0,0.0,0
3268.1143,0.0,0.0,0
3269.09,0.0,0.0,0
3270.066,0.0,0.0,0
3271.0417,0.0,0.0,0
3272.0176,0.0,0.0,0
3272.9934,0.0,0.0,0
3273.9692,0.0,0.0,0
3274.945,0.0,0.0,0
3275.921,0.0,0.0,0
3276.8967,0.0,0.0,0
3277.8726,0.0,0.0,0
3278.8484,0.0,0.0,0
3279.8245,0.0,0.0,0
3280.8003,0.0,0.0,0
3281.7761,0.0,0.0,0
3282.752,0.0,0.0,0
3283.7278,0.0,0.0,0
3284.7036,0.0,0.0,0
3285.6794,0.0,0.0,0
3286.6553,0.0,0.0,0
3287.631,0.0,0.0,0
3288.607,0.0,0.0,0
3289.5828,0.0,0.0,0
3290.5586,0.0,0.0,0
3291.5344,0.0,0.0,0
3292.5103,0.0,0.0,0
3293.4863,0.0,0.0,0
3294.4622,0.0,0.0,0
3295.438,0.0,0.0,0
3296.4138,0.0,0.0,0
3297.3896,0.0,0.0,0
3298.3655,0.0,0.0,0
3299.3413,0.0,0.0,0
3300.3171,0.0,0.0,0
3301.293,0.0,0.0,0
3302.2688,0.0,0.0,0
3303.2446,0.0,0.0,0
3304.2205,0.0,0.0,0
3305.1963,0.0,0.0,0
3306.172,0.0,0.0,0
3307.1482,0.0,0.0,0
3308.124,0.0,0.0,0
3309.0999,0.0,0.0,0
3310.0757,0.0,0.0,0
3311.0515,0.0,0.0,0
3312.0273,0.0,0.0,0
3313.0032,0.0,0.0,0
3313.979,0.0,0.0,0
3314.9548,0.0,0.0,0
3315.9307,0.0,0.0,0
3316.9065,0.0,0.0,0
3317.8823,0.0,0.0,0
3318.8582,0.0,0.0,0
3319.834,0.0,0.0,0
3320.81,0.0,0.0,0
3321.786,0.0,0.0,0
3322.7617,0.0,0.0,0
3323.7375,0.0,0.0,0
3324.7134,0.0,0.0,0
3325.6892,0.0,0.0,0
3326.665,0.0,0.0,0
3327.6409,0.0,0.0,0
3328.6167,0.0,0.0,0
3329.5925,0.0,0.0,0
3330.5684,0.0,0.0,0
3331.5442,0.0,0.0,0
3332.52,0.0,0.0,0
3333.496,0.0,0.0,0
3334.472,0.0,0.0,0
3335.4478,0.0,0.0,0
3336.4236,0.0,0.0,0
3337.3994,0.0,0.0,0
3338.3752,0.0,0.0,0
3339.351,0.0,0.0,0
3340.327,0.0,0.0,0
3341.3027,0.0,0.0,0
3342.2786,0.0,0.0,0
3343.2544,0.0,0.0,0
3344.2302,0.0,0.0,0
3345.206,0.0,0.0,0
3346.182,0.0,0.0,0
3347.158,0.0,0.0,0
3348.1338,0.0,0.0,0
3349.1096,0.0,0.0,0
3350.0854,0.0,0.0,0
3351.0613,0.0,0.0,0
3352.037,0.0,0.0,0
3353.013,0.0,0.0,0
3353.9888,0.0,0.0,0
3354.9646,0.0,0.0,0
3355.9404,0.0,0.0,0
3356.9163,0.0,0.0,0
3357.892,0.0,0.0,0
3358.868,0.0,0.0,0
3359.8438,0.0,0.0,0
3360.8198,0.0,0.0,0
3361.7957,0.0,0.0,0
3362.7715,0.0,0.0,0
3363.7473,0.0,0.0,0
3364.7231,0.0,0.0,0
3365.699,0.0,0.0,0
3366.6748,0.0,0.0,0
3367.6506,0.0,0.0,0
3368.6265,0.0,0.0,0
3369.6023,0.0,0.0,0
3370.5781,0.0,0.0,0
3371.554,0.0,0.0,0
3372.5298,0.0,0.0,0
3373.5056,0.0,0.0,0
3374.4817,0.0,0.0,0
3375.4575,0.0,0.0,0
3376.4333,0.0,0.0,0
3377.4092,0.0,0.0,0
3378.385,0.0,0.0,0
3379.3608,0.0,0.0,0
3380.3367,0.0,0.0,0
3381.3125,0.0,0.0,0
3382.2883,0.0,0.0,0
3383.2642,0.0,0.0,0
3384.24,0.0,0.0,0
3385.2158,0.0,0.0,0
3386.1917,0.0,0.0,0
3387.1675,0.0,0.0,0
3388.1436,0.0,0.0,0
3389.1194,0.0,0.0,0
3390.0952,0.0,0.0,0
3391.071,0.0,0.0,0
3392.0469,0.0,0.0,0
3393.0227,0.0,0.0,0
3393.9985,0.0,0.0,0
3394.9744,0.0,0.0,0
3395.9502,0.0,0.0,0
3396.926,0.0,0.0,0
3397.9019,0.0,0.0,0
3398.8777,0.0,0.0,0
3399.8535,0.0,0.0,0
3400.8296,0.0,0.0,0
3401.8054,0.0,0.0,0
3402.7812,0.0,0.0,0
3403.757,0.0,0.0,0
3404.733,0.0,0.0,0
3405.7087,0.0,0.0,0
3406.6846,0.0,0.0,0
3407.6604,0.0,0.0,0
3408.6362,0.0,0.0,0
3409.612,0.0,0.0,0
3410.588,0.0,0.0,0
3411.5637,0.0,0.0,0
3412.5396,0.0,0.0,0
3413.5154,0.0,0.0,0
3414.4915,0.0,0.0,0
3415.4673,0.0,0.0,0
3416.443,0.0,0.0,0
3417.419,0.0,0.0,0
3418.3948,0.0,0.0,0
3419.3706,0.0,0.0,0
3420.3464,0.0,0.0,0
3421.3223,0.0,0.0,0
3422.298,0.0,0.0,0
3423.274,0.0,0.0,0
3424.2498,0.0,0.0,0
3425.2256,0.0,0.0,0
3426.2014,0.0,0.0,0
3427.1772,0.0,0.0,0
3428.1533,0.0,0.0,0
3429.1292,0.0,0.0,0
3430.105,0.0,0.0,0
3431.0808,0.0,0.0,0
3432.0566,0.0,0.0,0
3433.0325,0.0,0.0,0
3434.0083,0.0,0.0,0
3434.9841,0.0,0.0,0
3435.96,0.0,0.0,0
3436.9358,0.0,0.0,0
3437.9116,0.0,0.0,0
3438.8875,0.0,0.0,0
3439.8633,0.0,0.0,0
3440.839,0.0,0.0,0
3441.8152,0.0,0.0,0
3442.791,0.0,0.0,0
3443.7668,0.0,0.0,0
3444.7427,0.0,0.0,0
3445.7185,0.0,0.0,0
3446.6943,0.0,0.0,0
3447.6702,0.0,0.0,0
3448.646,0.0,0.0,0
3449.6218,0.0,0.0,0
3450.5977,0.0,0.0,0
3451.5735,0.0,0.0,0
3452.5493,0.0,0.0,0
3453.5251,0.0,0.0,0
3454.501,0.0,0.0,0
3455.477,0.0,0.0,0
3456.453,0.0,0.0,0
3457.4287,0.0,0.0,0
3458.4045,0.0,0.0,0
3459.3804,0.0,0.0,0
3460.3562,0.0,0.0,0
3461.332,0.0,0.0,0
3462.3079,0.0,0.0,0
3463.2837,0.0,0.0,0
3464.2595,0.0,0.0,0
3465.2354,0.0,0.0,0
3466.2112,0.0,0.0,0
3467.187,0.0,0.0,0
3468.163,0.0,0.0,0
3469.139,0.0,0.0,0
3470.1147,0.0,0.0,0
3471.0906,0.0,0.0,0
3472.0664,0.0,0.0,0
3473.0422,0.0,0.0,0
3474.018,0.0,0.0,0
3474.994,0.0,0.0,0
3475.9697,0.0,0.0,0
3476.9456,0.0,0.0,0
3477.9214,0.0,0.0,0
3478.8972,0.0,0.0,0
3479.873,0.0,0.0,0
3480.8489,0.0,0.0,0
3481.825,0.0,0.0,0
3482.8008,0.0,0.0,0
3483.7766,0.0,0.0,0
3484.7524,0.0,0.0,0
3485.7283,0.0,0.0,0
3486.704,0.0,0.0,0
3487.68,0.0,0.0,0
3488.6558,0.0,0.0,0
3489.6316,0.0,0.0,0
3490.6074,0.0,0.0,0
3491.5833,0.0,0.0,0
3492.559,0.0,0.0,0
3493.535,0.0,0.0,0
3494.5107,0.0,0.0,0
3495.4868,0.0,0.0,0
3496.4626,0.0,0.0,0
3497.4385,0.0,0.0,0
3498.4143,0.0,0.0,0
3499.3901,0.0,0.0,0
3500.366,0.0,0.0,0
3501.3418,0.0,0.0,0
3502.3176,0.0,0.0,0
3503.2935,0.0,0.0,0
3504.2693,0.0,0.0,0
3505.245,0.0,0.0,0
3506.221,0.0,0.0,0
3507.1968,0.0,0.0,0
3508.1726,0.0,0.0,0
3509.1487,0.0,0.0,0
3510.1245,0.0,0.0,0
3511.1003,0.0,0.0,0
3512.0762,0.0,0.0,0
3513.052,0.0,0.0,0
3514.0278,0.0,0.0,0
3515.0037,0.0,0.0,0
3515.9795,0.0,0.0,0
3516.9553,0.0,0.0,0
3517.9312,0.0,0.0,0
3518.907,0.0,0.0,0
3519.8828,0.0,0.0,0
3520.8586,0.0,0.0,0
3521.8345,0.0,0.0,0
3522.8105,0.0,0.0,0
3523.7864,0.0,0.0,0
3524.7622,0.0,0.0,0
3525.738,0.0,0.0,0
3526.7139,0.0,0.0,0
3527.6897,0.0,0.0,0
3528.6655,0.0,0.0,0
3529.6414,0.0,0.0,0
3530.6172,0.0,0.0,0
3531.593,0.0,0.0,0
3532.5688,0.0,0.0,0
3533.5447,0.0,0.0,0
3534.5205,0.0,0.0,0
3535.4966,0.0,0.0,0
3536.4724,0.0,0.0,0
3537.4482,0.0,0.0,0
3538.424,0.0,0.0,0
3539.4,0.0,0.0,0
3540.3757,0.0,0.0,0
3541.3516,0.0,0.0,0
3542.3274,0.0,0.0,0
3543.3032,0.0,0.0,0
3544.279,0.0,0.0,0
3545.255,0.0,0.0,0
3546.2307,0.0,0.0,0
3547.2065,0.0,0.0,0
3548.1824,0.0,0.0,0
3549.1584,0.0,0.0,0
3550.1343,0.0,0.0,0
3551.11,0.0,0.0,0
3552.086,0.0,0.0,0
3553.0618,0.0,0.0,0
3554.0376,0.0,0.0,0
3555.0134,0.0,0.0,0
3555.9893,0.0,0.0,0
3556.965,0.0,0.0,0
3557.941,0.0,0.0,0
3558.9167,0.0,0.0,0
3559.8926,0.0,0.0,0
3560.8684,0.0,0.0,0
3561.8442,0.0,0.0,0
3562.8203,0.0,0.0,0
3563.7961,0.0,0.0,0
3564.772,0.0,0.0,0
3565.7478,0.0,0.0,0
3566.7236,0.0,0.0,0
3567.6995,0.0,0.0,0
3568.6753,0.0,0.0,0
3569.6511,0.0,0.0,0
3570.627,0.0,0.0,0
3571.6028,0.0,0.0,0
3572.5786,0.0,0.0,0
3573.5544,0.0,0.0,0
3574.5303,0.0,0.0,0
3575.506,0.0,0.0,0
3576.4822,0.0,0.0,0
3577.458,0.0,0.0,0
3578.4338,0.0,0.0,0
3579.4097,0.0,0.0,0
3580.3855,0.0,0.0,0
3581.3613,0.0,0.0,0
3582.3372,0.0,0.0,0
3583.313,0.0,0.0,0
3584.2888,0.0,0.0,0
3585.2646,0.0,0.0,0
3586.2405,0.0,0.0,0
3587.2163,0.0,0.0,0
3588.1921,0.0,0.0,0
3589.168,0.0,0.0,0
3590.144,0.0,0.0,0
3591.1199,0.0,0.0,0
3592.0957,0.0,0.0,0
3593.0715,0.0,0.0,0
3594.0474,0.0,0.0,0
3595.0232,0.0,0.0,0
3595.999,0.0,0.0,0
3596.9749,0.0,0.0,0
3597.9507,0.0,0.0,0
3598.9265,0.0,0.0,0
3599.9023,0.0,0.0,0
3600.8782,0.0,0.0,0
3601.854,0.0,0.0,0
3602.83,0.0,0.0,0
3603.806,0.0,0.0,0
3604.7817,0.0,0.0,0
3605.7576,0.0,0.0,0
3606.7334,0.0,0.0,0
3607.7092,0.0,0.0,0
3608.685,0.0,0.0,0
3609.661,0.0,0.0,0
3610.6367,0.0,0.0,0
3611.6125,0.0,0.0,0
3612.5884,0.0,0.0,0
3613.5642,0.0,0.0,0
3614.54,0.0,0.0,0
3615.5159,0.0,0.0,0
3616.492,0.0,0.0,0
3617.4678,0.0,0.0,0
3618.4436,0.0,0.0,0
3619.4194,0.0,0.0,0
3620.3953,0.0,0.0,0
3621.371,0.0,0.0,0
3622.347,0.0,0.0,0
3623.3228,0.0,0.0,0
3624.2986,0.0,0.0,0
3625.2744,0.0,0.0,0
3626.2502,0.0,0.0,0
3627.226,0.0,0.0,0
3628.202,0.0,0.0,0
3629.1777,0.0,0.0,0
3630.1538,0.0,0.0,0
3631.1296,0.0,0.0,0
3632.1055,0.0,0.0,0
3633.0813,0.0,0.0,0
3634.0571,0.0,0.0,0
3635.033,0.0,0.0,0
3636.0088,0.0,0.0,0
3636.9846,0.0,0.0,0
3637.9604,0.0,0.0,0
3638.9363,0.0,0.0,0
3639.912,0.0,0.0,0
3640.888,0.0,0.0,0
3641.8638,0.0,0.0,0
3642.8396,0.0,0.0,0
3643.8157,0.0,0.0,0
3644.7915,0.0,0.0,0
3645.7673,0.0,0.0,0
3646.7432,0.0,0.0,0
3647.719,0.0,0.0,0
3648.6948,0.0,0.0,0
3649.6707,0.0,0.0,0
3650.6465,0.0,0.0,0
3651.6223,0.0,0.0,0
3652.5981,0.0,0.0,0
3653.574,0.0,0.0,0
3654.5498,0.0,0.0,0
3655.5256,0.0,0.0,0
3656.5015,0.0,0.0,0
3657.4775,0.0,0.0,0
3658.4534,0.0,0.0,0
3659.4292,0.0,0.0,0
3660.405,0.0,0.0,0
3661.3809,0.0,0.0,0
3662.3567,0.0,0.0,0
3663.3325,0.0,0.0,0
3664.3083,0.0,0.0,0
3665.2842,0.0,0.0,0
3666.26,0.0,0.0,0
3667.2358,0.0,0.0,0
3668.2117,0.0,0.0,0
3669.1875,0.0,0.0,0
3670.1636,0.0,0.0,0
3671.1394,0.0,0.0,0
3672.1152,0.0,0.0,0
3673.091,0.0,0.0,0
3674.067,0.0,0.0,0
3675.0427,0.0,0.0,0
3676.0186,0.0,0.0,0
3676.9944,0.0,0.0,0
3677.9702,0.0,0.0,0
3678.946,0.0,0.0,0
3679.9219,0.0,0.0,0
3680.8977,0.0,0.0,0
3681.8735,0.0,0.0,0
3682.8494,0.0,0.0,0
3683.8254,0.0,0.0,0
3684.8013,0.0,0.0,0
3685.777,0.0,0.0,0
3686.753,0.0,0.0,0
3687.7288,0.0,0.0,0
3688.7046,0.0,0.0,0
3689.6804,0.0,0.0,0
3690.6562,0.0,0.0,0
3691.632,0.0,0.0,0
3692.608,0.0,0.0,0
3693.5837,0.0,0.0,0
3694.5596,0.0,0.0,0
3695.5354,0.0,0.0,0
3696.5112,0.0,0.0,0
3697.4873,0.0,0.0,0
3698.4631,0.0,0.0,0
3699.439,0.0,0.0,0
3700.4148,0.0,0.0,0
3701.3906,0.0,0.0,0
3702.3665,0.0,0.0,0
3703.3423,0.0,0.0,0
3704.318,0.0,0.0,0
3705.294,0.0,0.0,0
3706.2698,0.0,0.0,0
3707.2456,0.0,0.0,0
3708.2214,0.0,0.0,0
3709.1973,0.0,0.0,0
3710.173,0.0,0.0,0
3711.1492,0.0,0.0,0
3712.125,0.0,0.0,0
3713.1008,0.0,0.0,0
3714.0767,0.0,0.0,0
3715.0525,0.0,0.0,0
3716.0283,0.0,0.0,0
3717.0042,0.0,0.0,0
3717.98,0.0,0.0,0
3718.9558,0.0,0.0,0
3719.9316,0.0,0.0,0
3720.9075,0.0,0.0,0
3721.8833,0.0,0.0,0
3722.8591,0.0,0.0,0
3723.835,0.0,0.0,0
3724.811,0.0,0.0,0
3725.7869,0.0,0.0,0
3726.7627,0.0,0.0,0
3727.7385,0.0,0.0,0
3728.7144,0.0,0.0,0
3729.6902,0.0,0.0,0
3730.666,0.0,0.0,0
3731.6418,0.0,0.0,0
3732.6177,0.0,0.0,0
3733.5935,0.0,0.0,0
3734.5693,0.0,0.0,0
3735.5452,0.0,0.0,0
3736.521,0.0,0.0,0
3737.497,0.0,0.0,0
3738.473,0.0,0.0,0
3739.4487,0.0,0.0,0
3740.4246,0.0,0.0,0
3741.4004,0.0,0.0,0
3742.3762,0.0,0.0,0
3743.352,0.0,0.0,0
3744.328,0.0,0.0,0
3745.3037,0.0,0.0,0
3746.2795,0.0,0.0,0
3747.2554,0.0,0.0,0
3748.2312,0.0,0.0,0
3749.207,0.0,0.0,0
3750.1829,0.0,0.0,0
3751.159,0.0,0.0,0
3752.1348,0.0,0.0,0
3753.1106,0.0,0.0,0
3754.0864,0.0,0.0,0
3755.0623,0.0,0.0,0
3756.038,0.0,0.0,0
3757.014,0.0,0.0,0
3757.9897,0.0,0.0,0
3758.9656,0.0,0.0,0
3759.9414,0.0,0.0,0
3760.9172,0.0,0.0,0
3761.893,0.0,0.0,0
3762.869,0.0,0.0,0
3763.8447,0.0,0.0,0
3764.8208,0.0,0.0,0
3765.7966,0.0,0.0,0
3766.7725,0.0,0.0,0
3767.7483,0.0,0.0,0
3768.724,0.0,0.0,0
3769.7,0.0,0.0,0
3770.6758,0.0,0.0,0
3771.6516,0.0,0.0,0
3772.6274,0.0,0.0,0
3773.6033,0.0,0.0,0
3774.579,0.0,0.0,0
3775.555,0.0,0.0,0
3776.5308,0.0,0.0,0
3777.5066,0.0,0.0,0
3778.4827,0.0,0.0,0
3779.4585,0.0,0.0,0
3780.4343,0.0,0.0,0
3781.4102,0.0,0.0,0
3782.386,0.0,0.0,0
3783.3618,0.0,0.0,0
3784.3376,0.0,0.0,0
3785.3135,0.0,0.0,0
3786.2893,0.0,0.0,0
3787.2651,0.0,0.0,0
3788.241,0.0,0.0,0
3789.2168,0.0,0.0,0
3790.1926,0.0,0.0,0
3791.1685,0.0,0.0,0
3792.1445,0.0,0.0,0
3793.1204,0.0,0.0,0
3794.0962,0.0,0.0,0
3795.072,0.0,0.0,0
3796.0479,0.0,0.0,0
3797.0237,0.0,0.0,0
3797.9995,0.0,0.0,0
3798.9753,0.0,0.0,0
3799.9512,0.0,0.0,0
3800.927,0.0,0.0,0
3801.9028,0.0,0.0,0
3802.8787,0.0,0.0,0
3803.8545,0.0,0.0,0
3804.8306,0.0,0.0,0
3805.8064,0.0,0.0,0
3806.7822,0.0,0.0,0
3807.758,0.0,0.0,0
3808.734,0.0,0.0,0
3809.7097,0.0,0.0,0
3810.6855,0.0,0.0,0
3811.6614,0.0,0.0,0
3812.6372,0.0,0.0,0
3813.613,0.0,0.0,0
3814.5889,0.0,0.0,0
3815.5647,0.0,0.0,0
3816.5405,0.0,0.0,0
3817.5164,0.0,0.0,0
3818.4924,0.0,0.0,0
3819.4683,0.0,0.0,0
3820.444,0.0,0.0,0
3821.42,0.0,0.0,0
3822.3958,0.0,0.0,0
3823.3716,0.0,0.0,0
3824.3474,0.0,0.0,0
3825.3232,0.0,0.0,0
3826.299,0.0,0.0,0
3827.275,0.0,0.0,0
3828.2507,0.0,0.0,0
3829.2266,0.0,0.0,0
3830.2024,0.0,0.0,0
3831.1782,0.0,0.0,0
3832.1543,0.0,0.0,0
3833.1301,0.0,0.0,0
3834.106,0.0,0.0,0
3835.0818,0.0,0.0,0
3836.0576,0.0,0.0,0
3837.0334,0.0,0.0,0
3838.0093,0.0,0.0,0
3838.985,0.0,0.0,0
3839.961,0.0,0.0,0
3840.9368,0.0,0.0,0
3841.9126,0.0,0.0,0
3842.8884,0.0,0.0,0
3843.8643,0.0,0.0,0
3844.84,0.0,0.0,0
3845.8162,0.0,0.0,0
3846.792,0.0,0.0,0
3847.7678,0.0,0.0,0
3848.7437,0.0,0.0,0
3849.7195,0.0,0.0,0
3850.6953,0.0,0.0,0
3851.6711,0.0,0.0,0
3852.647,0.0,0.0,0
3853.6228,0.0,0.0,0
3854.5986,0.0,0.0,0
3855.5745,0.0,0.0,0
3856.5503,0.0,0.0,0
3857.5261,0.0,0.0,0
3858.502,0.0,0.0,0
3859.478,0.0,0.0,0
3860.4539,0.0,0.0,0
3861.4297,0.0,0.0,0
3862.4055,0.0,0.0,0
3863.3813,0.0,0.0,0
3864.3572,0.0,0.0,0
3865.333,0.0,0.0,0
3866.3088,0.0,0.0,0
3867.2847,0.0,0.0,0
3868.2605,0.0,0.0,0
3869.2363,0.0,0.0,0
3870.2122,0.0,0.0,0
3871.188,0.0,0.0,0
3872.164,0.0,0.0,0
3873.14,0.0,0.0,0
3874.1157,0.0,0.0,0
3875.0916,0.0,0.0,0
3876.0674,0.0,0.0,0
3877.0432,0.0,0.0,0
3878.019,0.0,0.0,0
3878.9949,0.0,0.0,0
3879.9707,0.0,0.0,0
3880.9465,0.0,0.0,0
3881.9224,0.0,0.0,0
3882.8982,0.0,0.0,0
3883.874,0.0,0.0,0
3884.8499,0.0,0.0,0
3885.826,0.0,0.0,0
3886.8018,0.0,0.0,0
3887.7776,0.0,0.0,0
3888.7534,0.0,0.0,0
3889.7292,0.0,0.0,0
3890.705,0.0,0.0,0
3891.681,0.0,0.0,0
3892.6567,0.0,0.0,0
3893.6326,0.0,0.0,0
3894.6084,0.0,0.0,0
3895.5842,0.0,0.0,0
3896.56,0.0,0.0,0
3897.536,0.0,0.0,0
3898.5117,0.0,0.0,0
3899.4878,0.0,0.0,0
3900.4636,0.0,0.0,0
3901.4395,0.0,0.0,0
3902.4153,0.0,0.0,0
3903.391,0.0,0.0,0
3904.367,0.0,0.0,0
3905.3428,0.0,0.0,0
3906.3186,0.0,0.0,0
3907.2944,0.0,0.0,0
3908.2703,0.0,0.0,0
3909.246,0.0,0.0,0
3910.222,0.0,0.0,0
3911.1978,0.0,0.0,0
3912.1736,0.0,0.0,0
3913.1497,0.0,0.0,0
3914.1255,0.0,0.0,0
3915.1013,0.0,0.0,0
3916.0771,0.0,0.0,0
3917.053,0.0,0.0,0
3918.0288,0.0,0.0,0
3919.0046,0.0,0.0,0
3919.9805,0.0,0.0,0
3920.9563,0.0,0.0,0
3921.9321,0.0,0.0,0
3922.908,0.0,0.0,0
3923.8838,0.0,0.0,0
3924.8596,0.0,0.0,0
3925.8354,0.0,0.0,0
3926.8115,0.0,0.0,0
3927.7874,0.0,0.0,0
3928.7632,0.0,0.0,0
3929.739,0.0,0.0,0
3930.7148,0.0,0.0,0
3931.6907,0.0,0.0,0
3932.6665,0.0,0.0,0
3933.6423,0.0,0.0,0
3934.6182,0.0,0.0,0
3935.594,0.0,0.0,0
3936.5698,0.0,0.0,0
3937.5457,0.0,0.0,0
3938.5215,0.0,0.0,0
3939.4976,0.0,0.0,0
3940.4734,0.0,0.0,0
3941.4492,0.0,0.0,0
3942.425,0.0,0.0,0
3943.401,0.0,0.0,0
3944.3767,0.0,0.0,0
3945.3525,0.0,0.0,0
3946.3284,0.0,0.0,0
3947.3042,0.0,0.0,0
3948.28,0.0,0.0,0
3949.2559,0.0,0.0,0
3950.2317,0.0,0.0,0
3951.2075,0.0,0.0,0
3952.1833,0.0,0.0,0
3953.1594,0.0,0.0,0
3954.1353,0.0,0.0,0
3955.111,0.0,0.0,0
3956.087,0.0,0.0,0
3957.0627,0.0,0.0,0
3958.0386,0.0,0.0,0
3959.0144,0.0,0.0,0
3959.9902,0.0,0.0,0
3960.966,0.0,0.0,0
3961.942,0.0,0.0,0
3962.9177,0.0,0.0,0
3963.8936,0.0,0.0,0
3964.8694,0.0,0.0,0
3965.8452,0.0,0.0,0
3966.8213,0.0,0.0,0
3967.797,0.0,0.0,0
3968.773,0.0,0.0,0
3969.7488,0.0,0.0,0
3970.7246,0.0,0.0,0
3971.7004,0.0,0.0,0
3972.6763,0.0,0.0,0
3973.652,0.0,0.0,0
3974.628,0.0,0.0,0
3975.6038,0.0,0.0,0
3976.5796,0.0,0.0,0
3977.5554,0.0,0.0,0
3978.5312,0.0,0.0,0
3979.507,0.0,0.0,0
3980.4832,0.0,0.0,0
3981.459,0.0,0.0,0
3982.4348,0.0,0.0,0
3983.4106,0.0,0.0,0
3984.3865,0.0,0.0,0
3985.3623,0.0,0.0,0
3986.3381,0.0,0.0,0
3987.314,0.0,0.0,0
3988.2898,0.0,0.0,0
3989.2656,0.0,0.0,0
3990.2415,0.0,0.0,0
3991.2173,0.0,0.0,0
3992.193,0.0,0.0,0
3993.169,0.0,0.0,0
3994.145,0.0,0.0,0
3995.1208,0.0,0.0,0
3996.0967,0.0,0.0,0
3997.0725,0.0,0.0,0
3998.0483,0.0,0.0,0
3999.0242,0.0,0.0,0
4000.0,0.0,0.0,0
