wavenumber_cm-1,intensity
94.0495,0.04703025975919304
94.53162,0.04731315805897231
95.01373,0.04779205656033628
95.49585,0.04889120466580244
95.97797,0.04987903982082048
96.46008,0.049887712689598226
96.9422,0.04889520027402235
97.42432,0.04796866751572724
97.90643,0.0471920609962924
98.38855,0.04651101379614116
98.87067,0.045988831361685835
99.35278,0.04563647911778557
99.8349,0.04532743831979384
100.317,0.04475301288414901
100.7991,0.04354433502345122
101.2813,0.042291153241418876
101.7634,0.040716835900273786
102.2455,0.039196869148127964
102.7276,0.03821523231674529
103.2097,0.03805898462213254
103.6918,0.038561190883332534
104.174,0.03879123256182499
104.6561,0.038765729572061286
105.1382,0.03854761151746407
105.6203,0.038032281288348825
106.1024,0.03728285099855833
106.5845,0.03660655104488515
107.0667,0.036289917188124056
107.5488,0.03622529864671289
108.0309,0.03589093722723067
108.513,0.03490745992239053
108.9951,0.03379021321763151
109.4772,0.033158210014034475
109.9594,0.0331101978181752
110.4415,0.033280004840523666
110.9236,0.033441575581201206
111.4057,0.033610575187460356
111.8878,0.033828424151595364
112.3699,0.03412608417641129
112.8521,0.03449730021009839
113.3342,0.03490369827244435
113.8163,0.035582450484790105
114.2984,0.036028097834050775
114.7805,0.03591927443173647
115.2626,0.03535858699235142
115.7448,0.03469594141123054
116.2269,0.034264752936881415
116.709,0.03411067344546284
117.1911,0.0340493241538123
117.6732,0.034039201636503
118.1553,0.03413217596052593
118.6375,0.034410306649743934
119.1196,0.034866255136413324
119.6017,0.03538526219099589
120.0838,0.03577206636038482
120.5659,0.03582789535553021
121.048,0.03605941532733463
121.5302,0.03667040399598243
122.0123,0.037377530539179186
122.4944,0.03783144554205258
122.9765,0.03787529480664203
123.4586,0.03769870033304345
123.9407,0.037863451160903415
124.4228,0.03869303258098715
124.905,0.039190645430573934
125.3871,0.03856205392685481
125.8692,0.037211733972865944
126.3513,0.036504460841627305
126.8334,0.0373165060112767
127.3155,0.039077013086346084
127.7977,0.04052310577280301
128.2798,0.041678784998463635
128.7619,0.04244982209835196
129.244,0.042524591219652214
129.7261,0.04175224620911479
130.2083,0.041251418607773004
130.6904,0.04196768073790304
131.1725,0.04309266673226258
131.6546,0.0438536701656382
132.1367,0.04385537643971545
132.6188,0.04345144929070202
133.101,0.04350596161894629
133.5831,0.044262825367359364
134.0652,0.045124831641039975
134.5473,0.04591846589718484
135.0294,0.04669017069000154
135.5115,0.04751513872630231
135.9937,0.04844128873674671
136.4758,0.04946382541029201
136.9579,0.050481940726261984
137.44,0.051403486759641626
137.9221,0.05241865682766192
138.4042,0.0536305644584147
138.8864,0.054983922708711774
139.3685,0.05633811022170005
139.8506,0.05753979466161388
140.3327,0.05852152374734225
140.8148,0.05993478330874138
141.2969,0.062232111805559986
141.7791,0.06450917131569066
142.2612,0.06605024527792332
142.7433,0.06687781959959009
143.2254,0.06774022757973797
143.7075,0.06946422040160162
144.1896,0.07220515946675649
144.6718,0.07512827853865048
145.1539,0.07821348573767377
145.636,0.08145967710452368
146.1181,0.0847326852603784
146.6002,0.08794109946362294
147.0823,0.09146825508231986
147.5645,0.09610856119635183
148.0466,0.10168684096397036
148.5287,0.10701236071609813
149.0108,0.11143354247495389
149.4929,0.11518729855575129
149.975,0.11904582857011613
150.4572,0.12314394675284274
150.9393,0.12735955346265312
151.4214,0.13171412098621155
151.9035,0.136176595472788
152.3856,0.14038741571897373
152.8677,0.1439559666706303
153.3499,0.1468162722361132
153.832,0.14983046475689168
154.3141,0.15334161278010153
154.7962,0.1569102628513462
155.2783,0.16029231511726086
155.7604,0.16347330235361812
156.2425,0.16658038869693878
156.7247,0.16974507106141623
157.2068,0.172930763070787
157.6889,0.17636673058732394
158.171,0.18017700471809733
158.6531,0.18412633181054378
159.1352,0.1880141979798306
159.6174,0.19178559274209
160.0995,0.19560057338870224
160.5816,0.19975106637311957
161.0637,0.20453424875351547
161.5458,0.2092932901203828
162.0279,0.21417571930167068
162.5101,0.2189729152246803
162.9922,0.22331490031176737
163.4743,0.22704014107955434
163.9564,0.23046756149651815
164.4385,0.2346110651815991
164.9206,0.24041599769752622
165.4028,0.2456781825096447
165.8849,0.2499133786089533
166.367,0.2533561042959581
166.8491,0.25655887852904924
167.3312,0.2598742592693341
167.8133,0.2629186347049753
168.2955,0.26462004985814647
168.7776,0.26493989108088073
169.2597,0.26428453255600654
169.7418,0.2630608073724651
170.2239,0.2611317837136842
170.706,0.25780460133147565
171.1882,0.2526582381924887
171.6703,0.24563979771604091
172.1524,0.2371256138635747
172.6345,0.22672313647452613
173.1166,0.2154237850741318
173.5987,0.2039997592740175
174.0809,0.19239263912793553
174.563,0.1807343767884454
175.0451,0.16868209166441642
175.5272,0.15684027414394716
176.0093,0.14581792986346187
176.4914,0.13582976348824558
176.9736,0.12672695795977984
177.4557,0.11814635462518028
177.9378,0.10993904427764192
178.4199,0.10271615195586445
178.902,0.09667966591148075
179.3841,0.09152171992701566
179.8663,0.08695656512954757
180.3484,0.08291748273662715
180.8305,0.07932467448737987
181.3126,0.07601789514020463
181.7947,0.0731323257010984
182.2768,0.07035650618351051
182.759,0.06752254491278264
183.2411,0.0647623018805346
183.7232,0.06225242650337775
184.2053,0.06010957805438114
184.6874,0.058271372388309574
185.1695,0.05641022363173469
185.6517,0.05422213762692014
186.1338,0.052339798333604096
186.6159,0.05102509200120598
187.098,0.050069487875416804
187.5801,0.04912116517852923
188.0622,0.04792791503977713
188.5444,0.04653655045412546
189.0265,0.045550636632669464
189.5086,0.04539451661879913
189.9907,0.04513666703853761
190.4728,0.04439826777214818
190.9549,0.04330648295615153
191.4371,0.042211706926643756
191.9192,0.04131835693838677
192.4013,0.04064845819632412
192.8834,0.04025034228712616
193.3655,0.04046927827103169
193.8476,0.04060650843265179
194.3298,0.040270120285500664
194.8119,0.03949923613211008
195.294,0.03857711133221773
195.7761,0.037609891080648446
196.2582,0.03665938820550228
196.7403,0.035959759799034915
197.2225,0.035656997674412313
197.7046,0.035501220592603404
198.1867,0.03533893039532134
198.6688,0.035166726824133056
199.1509,0.034938535916531045
199.633,0.03454299690513468
200.1152,0.03407859934993377
200.5973,0.03376968287406383
201.0794,0.0337387047124496
201.5615,0.0338257605708125
202.0436,0.033826890231924284
202.5257,0.033718669693246175
203.0079,0.03362700252462907
203.49,0.03373632829333873
203.9721,0.03388476338425015
204.4542,0.03384146803040823
204.9363,0.03345743903706368
205.4184,0.03288956746134706
205.9006,0.032422592253626835
206.3827,0.03207014758302265
206.8648,0.03180159612617754
207.3469,0.03160272867305419
207.829,0.03146797948898169
208.3111,0.031404683548791244
208.7933,0.03143613771216779
209.2754,0.03152193138587148
209.7575,0.03154744362985571
210.2396,0.031518581126114
210.7217,0.03140736776461177
211.2038,0.031058174914791147
211.686,0.030675462259085746
212.1681,0.03054546516451066
212.6502,0.030861880435496244
213.1323,0.0314977005869943
213.6144,0.031871767085520086
214.0965,0.03176886845220103
214.5787,0.03164850218370392
215.0608,0.031551522933183154
215.5429,0.03150109855720538
216.025,0.031537949223834724
216.5071,0.03169485194999904
216.9892,0.03193613627392502
217.4714,0.03205914313487563
217.9535,0.031858590859159396
218.4356,0.031751423033478804
218.9177,0.031942650361407234
219.3998,0.03224339724104142
219.8819,0.03233458305243187
220.3641,0.03201188085956787
220.8462,0.03136678980651561
221.3283,0.031013661981906346
221.8104,0.031227927533609964
222.2925,0.03140698510599074
222.7746,0.031340460986239396
223.2568,0.031160027219496633
223.7389,0.031117409757506497
224.221,0.03136643300622181
224.7031,0.03185187271418106
225.1852,0.0322643330083538
225.6673,0.032593871127630944
226.1495,0.032882434684735166
226.6316,0.03323528971505342
227.1137,0.03355782060607462
227.5958,0.03355642563911595
228.0779,0.032963313729291226
228.56,0.03206581132158978
229.0422,0.03201849693670481
229.5243,0.03350862447049485
230.0064,0.03481861376849844
230.4885,0.03504990276951662
230.9706,0.03454204736243722
231.4527,0.03427713248769282
231.9349,0.034744852529992314
232.417,0.035747804441541874
232.8991,0.036777232194773676
233.3812,0.038049582050755454
233.8633,0.03897695946268391
234.3454,0.03887770015526043
234.8276,0.03804308560322072
235.3097,0.037776627371869806
235.7918,0.0388955412176051
236.2739,0.04060130086662395
236.756,0.041447819716873155
237.2381,0.04120686578767551
237.7203,0.04081629490138871
238.2024,0.04075171558668212
238.6845,0.04101247547885897
239.1666,0.04166849642342065
239.6487,0.043101823717479434
240.1308,0.04461597569939429
240.613,0.04524882855739233
241.0951,0.044838382463455805
241.5772,0.044535106149137145
242.0593,0.04532433737662196
242.5414,0.04713291069344833
243.0235,0.048853115893010696
243.5057,0.05015958054235159
243.9878,0.051318331920809736
244.4699,0.05258572744568603
244.952,0.05398213180840873
245.4341,0.055298922106743864
245.9162,0.05635410618878676
246.3984,0.057148699574152265
246.8805,0.05783179382099682
247.3626,0.05798531568560547
247.8447,0.058462647101542295
248.3268,0.05995416032301983
248.8089,0.062386321305876104
249.2911,0.06498868314366929
249.7732,0.0670614707049793
250.2553,0.06858459763640011
250.7374,0.07015886840902966
251.2195,0.07157142131608324
251.7016,0.07329672602346322
252.1838,0.07569711006910654
252.6659,0.07865710830977507
253.148,0.08176933666539384
253.6301,0.08469423003228244
254.1122,0.08744284616144274
254.5943,0.09000219219544756
255.0765,0.09178814433657378
255.5586,0.09394296446577499
256.0407,0.09712376133491885
256.5228,0.10108956812009107
257.0049,0.1050886420490191
257.487,0.10841669653081316
257.9691,0.1110470086672189
258.4513,0.1142510374290712
258.9334,0.11827370819846621
259.4155,0.12274163948435918
259.8976,0.12776052495674234
260.3797,0.1331625632441634
260.8618,0.1386728770863025
261.344,0.14411076630585193
261.8261,0.1494915236514322
262.3082,0.154652233494902
262.7903,0.15894951902380652
263.2724,0.1636505063550272
263.7545,0.1690461064878365
264.2367,0.17504537132606052
264.7188,0.1815126553128068
265.2009,0.18836161774779075
265.683,0.19556221840745736
266.1651,0.20262367744317675
266.6472,0.2092455004714748
267.1294,0.21608802143099431
267.6115,0.22339939086819213
268.0936,0.23097753029113377
268.5757,0.238531712996397
269.0578,0.24588317200945256
269.5399,0.25311023306656316
270.0221,0.26050500700018075
270.5042,0.26769475163367273
270.9863,0.2755008754804155
271.4684,0.28487996614999
271.9505,0.2946672738702065
272.4326,0.3031739114713897
272.9148,0.3096471244664151
273.3969,0.3149641572771406
273.879,0.3215383659716716
274.3611,0.33074736202898236
274.8432,0.33968572137334946
275.3253,0.3486830571325515
275.8075,0.3572188275926711
276.2896,0.3646349084446277
276.7717,0.370714661830842
277.2538,0.37603198502830737
277.7359,0.3817247206151093
278.218,0.38809797037097266
278.7002,0.3944393406042676
279.1823,0.4010765055033862
279.6644,0.4074797085637171
280.1465,0.41311439967224817
280.6286,0.41783323429688035
281.1107,0.42204193975145476
281.5929,0.4262853886354158
282.075,0.4307968035096768
282.5571,0.43468612948498697
283.0392,0.43766015186394824
283.5213,0.440223749127718
284.0034,0.4428766394736528
284.4856,0.4456663731520599
284.9677,0.4482202079646158
285.4498,0.4502521186727121
285.9319,0.45179970162975486
286.414,0.4519036047884126
286.8961,0.44990976217692896
287.3783,0.44703932002077157
287.8604,0.4440830879664433
288.3425,0.44109635669176045
288.8246,0.43782120415460607
289.3067,0.4342169931200484
289.7888,0.43019185210684757
290.271,0.4247147399073483
290.7531,0.4172952414143066
291.2352,0.40900476247684814
291.7173,0.4001393743780465
292.1994,0.39084614520622546
292.6815,0.381559552427831
293.1637,0.37274125907469524
293.6458,0.36411150019182015
294.1279,0.35412173182647366
294.61,0.34195275892527244
295.0921,0.3295199682575787
295.5742,0.3177389416063415
296.0564,0.3063394110371681
296.5385,0.2945388525118401
297.0206,0.28179930837343437
297.5027,0.2685023631794382
297.9848,0.25570845525092445
298.4669,0.24341850606714327
298.9491,0.23150028528754338
299.4312,0.2196378138139192
299.9133,0.2080514192664654
300.3954,0.19726072379434167
300.8775,0.18746393758425536
301.3596,0.17832794588727718
301.8418,0.16931801622855935
302.3239,0.16015502867556408
302.806,0.15167181810822997
303.2881,0.14427024162754762
303.7702,0.13757544147455583
304.2523,0.1311528480348838
304.7345,0.12492533543147756
305.2166,0.11888893743155583
305.6987,0.1131086202580762
306.1808,0.1075601490067598
306.6629,0.10243565210126289
307.1451,0.09781668239321493
307.6272,0.09360159684570356
308.1093,0.08981352652553723
308.5914,0.0864501677345905
309.0735,0.08320687943276371
309.5556,0.07977008223123086
310.0378,0.07617746657148322
310.5199,0.07291123866516544
311.002,0.07004198576263777
311.4841,0.06748548466043647
311.9662,0.06521012862028142
312.4483,0.06319656657791942
312.9305,0.06137052924811777
313.4126,0.05972113929142745
313.8947,0.058209604373385015
314.3768,0.056581043333398896
314.8589,0.05471059573307375
315.341,0.052868807880253686
315.8232,0.051161651833204466
316.3053,0.04958958444291568
316.7874,0.04815850512072527
317.2695,0.04685265657145567
317.7516,0.045719310680639606
318.2337,0.044917146175152925
318.7159,0.04468281930268679
319.198,0.04419457861936108
319.6801,0.04280317943620357
320.1622,0.040981534119183836
320.6443,0.039744071530414725
321.1264,0.03948599569070064
321.6086,0.03962965163654418
322.0907,0.039289807214184076
322.5728,0.038450707076918014
323.0549,0.03750850436917804
323.537,0.036282312714159694
324.0191,0.03510461104010965
324.5013,0.03452981850367913
324.9834,0.03467711532943235
325.4655,0.03495854441766286
325.9476,0.03478941796935782
326.4297,0.034159120543555514
326.9118,0.03347949807631808
327.394,0.032707676091310985
327.8761,0.031952394448856024
328.3582,0.0313494350692763
328.8403,0.030889481797352788
329.3224,0.030381797643096908
329.8045,0.029633074689412134
330.2867,0.028721824923755343
330.7688,0.028110000413485204
331.2509,0.02795512077660494
331.733,0.02792777561077086
332.2151,0.027993022422817277
332.6972,0.028073613607204104
333.1794,0.02788774433716359
333.6615,0.02722684308455188
334.1436,0.026313108098109352
334.6257,0.025770426904150205
335.1078,0.025752446952844493
335.5899,0.025710095618197693
336.0721,0.0254503802457407
336.5542,0.0250667072680581
337.0363,0.0247002953395562
337.5184,0.024385552495435642
338.0005,0.02413335219084817
338.4826,0.024003738013733587
338.9648,0.024076816117158874
339.4469,0.0239141335357687
339.929,0.023277664925946726
340.4111,0.022490112321095518
340.8932,0.021888267172352493
341.3753,0.021513771127031917
341.8575,0.021143001564727905
342.3396,0.02055546300278492
342.8217,0.019723107576487434
343.3038,0.01898976683844399
343.7859,0.018186948307764635
344.268,0.017623670050987212
344.7502,0.017713060826521243
345.2323,0.018272525588931644
345.7144,0.01860558464240553
346.1965,0.018246642166219545
346.6786,0.017317563791206025
347.1607,0.016525225464947703
347.6429,0.015942168002375176
348.125,0.01537765969193629
348.6071,0.014709265553660878
349.0892,0.01403711352287027
349.5713,0.01356172669918962
350.0534,0.01337011115341814
350.5356,0.013325889927061477
351.0177,0.013146017512949214
351.4998,0.012696641805370931
351.9819,0.012369612640660495
352.464,0.012254460942762493
352.9461,0.012230445285529757
353.4283,0.012212551966040423
353.9104,0.012174975620257789
354.3925,0.012086885524807318
354.8746,0.01189882588833346
355.3567,0.011571624627912317
355.8388,0.01135446816236952
356.321,0.01126756650652699
356.8031,0.011254336885054745
357.2852,0.011347843947952798
357.7673,0.011499083428698167
358.2494,0.01159951428641566
358.7315,0.011585766393072442
359.2137,0.011447465869347074
359.6958,0.011066687061888847
360.1779,0.0100255779665984
360.66,0.00924115787405519
361.1421,0.009101111534382403
361.6242,0.00926856456331015
362.1064,0.009224320671338153
362.5885,0.00874682464430559
363.0706,0.008098257737308044
363.5527,0.007871223256117112
364.0348,0.008509459533642615
364.5169,0.008911992376597594
364.9991,0.009092332652162754
365.4812,0.009047085354312064
365.9633,0.008641006954512972
366.4454,0.007928132995994272
366.9275,0.007237072194152034
367.4096,0.006952919942416523
367.8918,0.007165411873709959
368.3739,0.00731774939919791
368.856,0.007252223328398244
369.3381,0.007285223561850042
369.8202,0.007665319127281328
370.3023,0.008245082559460546
370.7845,0.008704633537202302
371.2666,0.00883989729470639
371.7487,0.008670770554333762
372.2308,0.008286378789158957
372.7129,0.007276829599130162
373.195,0.006614587681308372
373.6772,0.006672835690300262
374.1593,0.007038783805808374
374.6414,0.007273127997635439
375.1235,0.007220129057713579
375.6056,0.007043939299664536
376.0877,0.007016146302885084
376.5699,0.007164396434929688
377.052,0.00738792196005601
377.5341,0.007800776354743603
378.0162,0.008186227699357123
378.4983,0.008411122242249889
378.9804,0.008479016893327458
379.4626,0.008491515946930471
379.9447,0.008550521809256414
380.4268,0.008652673072899781
380.9089,0.008652154861316824
381.391,0.008481699189246569
381.8731,0.008287056429685276
382.3553,0.008086409362626598
382.8374,0.007909444061095495
383.3195,0.007794938365964982
383.8016,0.007755682409227136
384.2837,0.007802337705806191
384.7658,0.008028766132122457
385.248,0.008562723567974053
385.7301,0.008845033982031743
386.2122,0.008402363124066661
386.6943,0.007794518853337564
387.1764,0.007498007304889616
387.6585,0.007602156677232372
388.1407,0.007733825161536445
388.6228,0.007529909076981306
389.1049,0.007011880888460367
389.587,0.006468237319610664
390.0691,0.005834640689186698
390.5512,0.005337839396272935
391.0334,0.005178211104710067
391.5155,0.00528770057044494
391.9976,0.0054143128634730016
392.4797,0.005404981065551812
392.9618,0.005348839864548394
393.4439,0.00548279236088386
393.9261,0.005877812889469443
394.4082,0.006080852171200985
394.8903,0.005650072123127125
395.3724,0.00490985187088573
395.8545,0.0044081214062011145
396.3366,0.0042589875046193625
396.8188,0.004257745555953398
397.3009,0.00434702025198283
397.783,0.004481393885340005
398.2651,0.004401359469597647
398.7472,0.0039016759313697806
399.2293,0.003369327696549496
399.7115,0.0035112480088774173
400.1936,0.004362476709792459
400.6757,0.0049071402218004425
401.1578,0.004677532536695126
401.6399,0.004061679351922259
402.122,0.0034560655444439608
402.6042,0.002912738271880722
403.0863,0.0025503523984918906
403.5684,0.0024867486999971523
404.0505,0.002720222439783738
404.5326,0.0030081204869096003
405.0147,0.0034099519713494384
405.4969,0.0038036966225394844
405.979,0.004273463043312705
406.4611,0.004692208900830518
406.9432,0.004692687854738051
407.4253,0.004065198872078641
407.9074,0.0031139406829118563
408.3896,0.00253651195268165
408.8717,0.00255772194658819
409.3538,0.0025241609566912047
409.8359,0.0022992012545709145
410.318,0.0020584860000984737
410.8001,0.002012038743968093
411.2823,0.002161520164909415
411.7644,0.0022802699799657706
412.2465,0.002107382569967507
412.7286,0.0015851180451001918
413.2107,0.001417772211046129
413.6928,0.0020162326654472916
414.175,0.0024766961484198437
414.6571,0.002379885565009991
415.1392,0.0019497223908912175
415.6213,0.0015974443858205339
416.1034,0.0015352682211075427
416.5855,0.0016579701811775863
417.0677,0.0016732222091306133
417.5498,0.0014126660054905034
418.0319,0.0013458894161898825
418.514,0.0017068099488793643
418.9961,0.0020986294236517984
419.4782,0.0022019539176126143
419.9604,0.0019989640446506115
420.4425,0.0017208641186090658
420.9246,0.0016045684769267965
421.4067,0.001659347200860317
421.8888,0.001657797641057555
422.3709,0.0013931306389923129
422.8531,0.0013304833005187318
423.3352,0.0018645672132884897
423.8173,0.002644171800293679
424.2994,0.0030996846630539365
424.7815,0.0029427104406497696
425.2636,0.0024049550905314433
425.7458,0.0018491056576905116
426.2279,0.0012217491512998965
426.71,0.0008017180042259694
427.1921,0.0007885493332962619
427.6742,0.0009357105799255941
428.1563,0.00105777247460624
428.6385,0.00114427825694306
429.1206,0.0013241019570354225
429.6027,0.0018723348041632492
430.0848,0.002611029940330019
430.5669,0.0028298743003499624
431.049,0.0023019904780435954
431.5312,0.0016952778799754604
432.0133,0.00155442804353699
432.4954,0.00167749160716694
432.9775,0.0016893712272991706
433.4596,0.001465446050143367
433.9417,0.0011490706026454052
434.4239,0.000763366832623837
434.906,0.0003515849095776374
435.3881,0.00024066770453086991
435.8702,0.0006711213017727576
436.3523,0.0012912355011059518
436.8344,0.0014622869602888557
437.3166,0.0011391068020805215
437.7987,0.0008038918324507276
438.2808,0.0005269529534258232
438.7629,0.0003302490155369108
439.245,0.00024788396583203795
439.7271,0.00028155332613147575
440.2093,0.00040284992892363473
440.6914,0.0006046927383878027
441.1735,0.0008817207826971212
441.6556,0.0011228313086609936
442.1377,0.0015587995796870326
442.6198,0.001709415114144461
443.102,0.0011626773644382755
443.5841,0.0002858009470280415
444.0662,0.0
444.5483,0.0
445.0304,0.0
445.5125,0.0
445.9947,0.0005857775978127112
446.4768,0.0009443757275627778
446.9589,0.0006294111274484594
447.441,0.0003414107530189404
447.9231,0.0006482914809342924
448.4052,0.0013795335759542054
448.8874,0.001904607690648809
449.3695,0.001731660972263661
449.8516,0.000986901262815723
450.3337,0.00043976373618038935
450.8158,0.00025845521468009205
451.2979,1.8182978788084165e-05
451.7801,0.0
452.2622,0.0
452.7443,0.0
453.2264,0.0
453.7085,0.00016054181737864921
454.1906,0.0006891162511633819
454.6728,0.0009553309042868779
455.1549,0.0009139923374510354
455.637,0.00020491478961175925
456.1191,0.0
456.6012,0.0
457.0833,0.00047464442853704003
457.5655,0.001041373139410057
458.0476,0.0013298608831018974
458.5297,0.0013816592094255664
459.0118,0.001141921673412119
459.4939,0.0005982820235245423
459.976,0.0002439620284057265
460.4582,0.0003517492434319897
460.9403,0.0006646666445667341
461.4224,0.0008321302888906779
461.9045,0.0008494037730580515
462.3866,0.000779829580724171
462.8687,0.0005707267431579507
463.3508,0.00032086862118298583
463.8329,0.00018430811583940073
464.3151,0.00018017719220676866
464.7972,0.0002222397107246142
465.2793,0.0002313518740824832
465.7614,0.00022858791273131488
466.2435,0.0003542706868839917
466.7256,0.0009278217638125712
467.2078,0.001261497163183051
467.6899,0.0008633334272555658
468.172,0.00012377258676532266
468.6541,0.0
469.1362,0.0
469.6183,0.00019639553691551336
470.1005,0.0002534625396664532
470.5826,0.0
471.0647,0.0
471.5468,0.0
472.0289,5.718660470971593e-05
472.511,0.00022087541100683413
472.9932,0.0003362548653978272
473.4753,0.00045027942612416654
473.9574,0.0005968523767912202
474.4395,0.0007384234379553586
474.9216,0.0007411016745697661
475.4037,0.00048701146095522037
475.8859,0.00033233423619523253
476.368,0.00036271736790687335
476.8501,0.00046487626123810713
477.3322,0.0005613237260438205
477.8143,0.0006456001927804466
478.2964,0.0007577992236220379
478.7786,0.0009520505764144693
479.2607,0.0012112290336673266
479.7428,0.0014324811478094016
480.2249,0.001654269462741967
480.707,0.0017527932412073465
481.1891,0.0016455248015620897
481.6713,0.0013913118775819614
482.1534,0.0010051335845135507
482.6355,0.0004225529468935354
483.1176,0.0
483.5997,0.0
484.0818,2.829942839901928e-05
484.564,0.00024497286072869067
485.0461,0.00043334733744285783
485.5282,0.0005805426492932078
486.0103,0.0007070064208405881
486.4924,0.0008003263265854776
486.9745,0.000709158614483189
487.4567,3.4329761360596194e-05
487.9388,0.0
488.4209,0.0
488.903,0.0007545286757588627
489.3851,0.001395448083219426
489.8672,0.0013316587621605284
490.3494,0.0008741988940464061
490.8315,0.000654968724291983
491.3136,0.0008528939539059635
491.7957,0.0009618889639133509
492.2778,0.0009436570766779059
492.7599,0.0008668853555058165
493.2421,0.0008085931136623055
493.7242,0.0007435460945644435
494.2063,0.0005185043760884047
494.6884,0.0
495.1705,0.0
495.6526,0.0
496.1348,0.0007115078445982366
496.6169,0.001600828912609859
497.099,0.0012516836112450298
497.5811,0.00046125285460116484
498.0632,0.0
498.5453,0.0
499.0275,0.0
499.5096,0.0
499.9917,0.001028384056835914
500.4738,0.001470562046884383
500.9559,0.0005974499424713828
501.438,0.0
501.9202,0.0
502.4023,0.0
502.8844,0.0
503.3665,0.0
503.8486,0.0
504.3307,0.0
504.8129,0.0
505.295,0.00015597562954246992
505.7771,0.0
506.2592,0.0
506.7413,0.00044354920027209844
507.2234,0.0015868130041135034
507.7056,0.0022039159873277854
508.1877,0.0018328242774846698
508.6698,0.0012817970572901293
509.1519,0.0008764021606147292
509.634,0.0006603361335005942
510.1161,0.0008115458339442192
510.5983,0.0014327782888897184
511.0804,0.0020782360859562254
511.5625,0.001906279027417396
512.0446,0.00028928759599593777
512.5267,0.0
513.0089,9.992557044795746e-05
513.491,0.0008382495460406182
513.9731,0.0009556733309149842
514.4552,0.0006136953784523666
514.9373,0.0003567624888115197
515.4194,0.0005193163410419501
515.9016,0.0009057934884133631
516.3837,0.0009734937526456446
516.8658,0.000573250166892056
517.3479,0.00026160855386581414
517.83,7.068246543464545e-05
518.3121,4.219648204536225e-05
518.7943,0.00031410735893615103
519.2764,0.0008208200100464064
519.7585,0.0012504250203295032
520.2406,0.00141439694999721
520.7227,0.0013658775074056838
521.2048,0.0011741342877887144
521.687,0.0008173303317850685
522.1691,0.0005025731182853589
522.6512,0.0003495833299749278
523.1333,0.00027379681606748147
523.6154,5.800248771760909e-05
524.0975,0.0
524.5797,0.0
525.0618,0.00021403296005432408
525.5439,0.0012249924995075324
526.026,0.001679297381562908
526.5081,0.0015316016123205771
526.9902,0.0013222237648985809
527.4724,0.0014508483524626411
527.9545,0.0018413569829007401
528.4366,0.0020270501632333577
528.9187,0.0017883025289797026
529.4008,0.0016454641979070802
529.8829,0.0018832353991419003
530.3651,0.0021146522417507525
530.8472,0.0018420195723396965
531.3293,0.0010735406612482183
531.8114,0.0003441618575660198
532.2935,0.00019336318829352075
532.7756,0.0005902382393807012
533.2578,0.0008987012067851547
533.7399,0.001177105156692837
534.222,0.0012620462808568841
534.7041,0.0009315494427086222
535.1862,0.0005067870200953998
535.6683,0.00037514888978036593
536.1505,0.0006187501774572875
536.6326,0.0008565734237097803
537.1147,0.0006072491924032731
537.5968,2.0490217309674116e-05
538.0789,0.0
538.561,0.00024209708032607233
539.0432,0.0007409309354001397
539.5253,0.001132660888534146
540.0074,0.0013904463606917142
540.4895,0.0014426331253811866
540.9716,0.0011692077250629817
541.4537,0.0008916189813595027
541.9359,0.0008208048234737726
542.418,0.0008463954538745215
542.9001,0.0007536238174188813
543.3822,0.0004990974562172882
543.8643,0.00023479594299699282
544.3464,0.00010282059292368184
544.8286,0.00010579973808051829
545.3107,0.00017489464640228495
545.7928,0.00019517132687650674
546.2749,0.0004064908283172539
546.757,0.0010874808315924636
547.2391,0.001894733664548663
547.7213,0.002446169289292939
548.2034,0.00262926163817221
548.6855,0.002545559842580906
549.1676,0.002264423645677822
549.6497,0.001767064085552398
550.1318,0.0013727276484191715
550.614,0.0011530246073657958
551.0961,0.0009344453936260267
551.5782,0.0005667080764898495
552.0603,0.00019142558712034708
552.5424,2.7827053920745235e-05
553.0245,0.00015974865906972344
553.5067,0.00035292485552919193
553.9888,0.00036597912342109946
554.4709,0.00025833056716123977
554.953,0.00027873251032765927
555.4351,0.0004947846707113705
555.9172,0.0007135937968784322
556.3994,0.0007761423395271478
556.8815,0.0007050115056467592
557.3636,0.0006507454848695332
557.8457,0.0004838856573418559
558.3278,0.0004905236858578537
558.8099,0.0011022251624328862
559.2921,0.0018409656383248645
559.7742,0.0018613205069208084
560.2563,0.001020563973869317
560.7384,8.708072670060685e-05
561.2205,0.0
561.7026,0.000545859369878475
562.1848,0.0008918942784244955
562.6669,0.0005701604327161213
563.149,0.00040196520249316504
563.6311,0.0007698238392854924
564.1132,0.0012539749002721823
564.5953,0.0013207805368987426
565.0775,0.0008656365560922128
565.5596,0.00032965081245283967
566.0417,0.0002232696528513897
566.5238,0.0004967700569497683
567.0059,0.0006092160605322884
567.488,0.0004911742021001521
567.9702,0.00035032039383288774
568.4523,0.00022692822696969073
568.9344,0.00017592921282369995
569.4165,0.00033749877492775314
569.8986,0.0008297889827361204
570.3807,0.001188162353945556
570.8629,0.0009174825788151817
571.345,0.0004140367525414624
571.8271,0.0004975657366463171
572.3092,0.0012557298521965446
572.7913,0.001868624506785988
573.2734,0.0016759360993420396
573.7556,0.0008003525151411073
574.2377,0.00011612291730184733
574.7198,0.0
575.2019,0.0
575.684,0.0
576.1661,0.0
576.6483,0.0
577.1304,3.753781568816239e-05
577.6125,0.0001234651308862566
578.0946,0.0003422991411589308
578.5767,0.0006497811981214476
579.0588,0.0007960982770580985
579.541,0.0007694207266466223
580.0231,0.0006069075209077521
580.5052,8.395023450553013e-05
580.9873,0.0
581.4694,0.0
581.9515,0.0
582.4337,7.524586925152036e-05
582.9158,0.00014057886542621207
583.3979,5.2441235313792115e-05
583.88,0.0
584.3621,0.0
584.8442,0.0
585.3264,0.0
585.8085,0.0
586.2906,0.0
586.7727,0.0
587.2548,0.0
587.7369,4.028287830541788e-05
588.2191,0.0003499766326478945
588.7012,0.0
589.1833,0.0
589.6654,0.0
590.1475,0.0
590.6296,0.0
591.1118,0.0
591.5939,0.0
592.076,0.0
592.5581,0.0
593.0402,0.0
593.5223,0.0
594.0045,0.0
594.4866,0.0
594.9687,0.0
595.4508,0.0
595.9329,0.0
596.415,0.0
596.8972,0.0
597.3793,0.0
597.8614,0.0
598.3435,0.0
598.8256,0.0
599.3077,0.0
599.7899,0.0
600.272,0.0003907957402649197
600.7541,0.0
601.2362,0.0
601.7183,0.0
602.2004,0.0
602.6826,0.0
603.1647,0.0
603.6468,0.0
604.1289,0.0
604.611,0.0
605.0931,0.0
605.5753,0.0
606.0574,0.0
606.5395,0.0
607.0216,0.0
607.5037,0.0
607.9858,0.0
608.468,0.0
608.9501,0.0
609.4322,0.0
609.9143,0.0
610.3964,0.0
610.8785,0.0
611.3607,0.0
611.8428,0.0
612.3249,0.0
612.807,0.0
613.2891,0.0
613.7712,0.0
614.2534,0.0
614.7355,0.0
615.2176,0.0
615.6997,0.0
616.1818,0.0
616.6639,0.0
617.1461,0.0
617.6282,0.0
618.1103,0.0
618.5924,0.0
619.0745,0.0
619.5566,0.0
620.0388,0.0
620.5209,0.0
621.003,0.0
621.4851,0.0
621.9672,0.0
622.4493,0.0
622.9315,0.0
623.4136,0.0
623.8957,0.0
624.3778,0.0
624.8599,0.0
625.342,0.0
625.8242,0.0
626.3063,0.0
626.7884,0.0
627.2705,0.0
627.7526,0.0
628.2347,0.0
628.7169,0.0
629.199,0.0
629.6811,0.0
630.1632,0.0
630.6453,0.0
631.1274,0.0
631.6096,0.0
632.0917,0.0
632.5738,0.0
633.0559,0.0
633.538,0.0
634.0201,0.0
634.5023,0.0
634.9844,0.0
635.4665,0.0
635.9486,0.0
636.4307,0.0
636.9128,0.0
637.395,0.0
637.8771,0.0
638.3592,0.0
638.8413,0.0
639.3234,0.0
639.8055,0.0
640.2877,0.0
640.7698,0.00015618306662445298
641.2519,0.0
641.734,0.0
642.2161,0.0
642.6982,0.0
643.1804,0.0
643.6625,0.0
644.1446,0.0
644.6267,0.0
645.1088,0.0
645.5909,0.0
646.0731,0.0
646.5552,0.0
647.0373,0.0
647.5194,0.0
648.0015,0.0
648.4836,0.0
648.9658,0.0
649.4479,0.0
649.93,0.0
650.4121,0.0
650.8942,0.0
651.3763,0.0
651.8585,0.0
652.3406,0.0
652.8227,0.0
653.3048,0.0
653.7869,0.0
654.269,0.0
654.7512,0.00015336373127656052
655.2333,0.0
655.7154,0.0
656.1975,0.0
656.6796,0.0
657.1617,0.0
657.6439,0.0005634254828109441
658.126,0.0004957936843685385
658.6081,0.00021550464740187908
659.0902,0.0
659.5723,0.0
660.0544,0.0
660.5366,0.0
661.0187,0.0
661.5008,0.0
661.9829,0.0
662.465,8.43570451156867e-05
662.9471,0.0008435122881085842
663.4293,0.0005066364145747998
663.9114,0.0
664.3935,0.0
664.8756,0.0
665.3577,0.0
665.8398,4.8235804101485166e-05
666.322,1.802025491572988e-05
666.8041,0.0
667.2862,0.0
667.7683,0.0
668.2504,0.0
668.7325,0.00010123450111781977
669.2147,0.0003902943272146404
669.6968,0.0005968075757776264
670.1789,0.0007188044903422452
670.661,0.000754976570373274
671.1431,0.0007055265413057512
671.6252,0.000533291144981109
672.1074,0.00011431520433057043
672.5895,0.0
673.0716,0.0
673.5537,0.0
674.0358,0.00014108330924786185
674.5179,0.0003323450752513992
675.0001,0.0003922355012169535
675.4822,0.00011078189790576482
675.9643,0.0
676.4464,0.0
676.9285,0.0
677.4106,9.40261009948622e-06
677.8928,0.0004973121776578458
678.3749,0.0009918190638345497
678.857,0.0011717346768353812
679.3391,0.0009534439895017145
679.8212,0.0009232289599491037
680.3033,0.0011476296048308994
680.7855,0.0014933653835741258
681.2676,0.002164410507016033
681.7497,0.0028120149411595204
682.2318,0.003003203230736522
682.7139,0.0026824931100954846
683.196,0.0022558606924750917
683.6782,0.0019293601733392975
684.1603,0.001716090547310999
684.6424,0.0016852663408453259
685.1245,0.0018193057298494363
685.6066,0.0019187361010433038
686.0887,0.0018846550865083233
686.5709,0.0018479057474803037
687.053,0.0019872598286283984
687.5351,0.0023122200031671547
688.0172,0.0027854110727104685
688.4993,0.003769002026944874
688.9814,0.004458771850301798
689.4636,0.004392388983279487
689.9457,0.004001036762410008
690.4278,0.003732114017540895
690.9099,0.0037014691200010054
691.392,0.00386528573144573
691.8741,0.004255299597250218
692.3563,0.0047866170609433744
692.8384,0.00516135628679269
693.3205,0.0053586848554359875
693.8026,0.005819152781577582
694.2847,0.006825414610408536
694.7668,0.007916951871873792
695.249,0.008458250200536626
695.7311,0.008418168354867249
696.2132,0.00858957695472525
696.6953,0.009034556057193248
697.1774,0.00965934514856845
697.6595,0.010425813417479658
698.1417,0.011349093784397786
698.6238,0.012524002002157876
699.1059,0.013916491643288821
699.588,0.015327993144175786
700.0701,0.016630301096745344
700.5522,0.017775277424969663
701.0344,0.01842386607210857
701.5165,0.0184123157090667
701.9986,0.018986809462360747
702.4807,0.020753100146661953
702.9628,0.02283664866482279
703.4449,0.024256079615433267
703.9271,0.02519200516704455
704.4092,0.026518489991704686
704.8913,0.028612614848527868
705.3734,0.03081709780317442
705.8555,0.032868460293648934
706.3376,0.03485258418606537
706.8198,0.036853169678405726
707.3019,0.03888626446418748
707.784,0.04088573621495664
708.2661,0.042789449584875607
708.7482,0.04465089644441557
709.2303,0.04666364272486312
709.7125,0.0488917242591711
710.1946,0.05095722871270204
710.6767,0.052678682201429815
711.1588,0.05437452952462133
711.6409,0.05639609386118884
712.123,0.058565741656080875
712.6052,0.06040071217217283
713.0873,0.061576916673490245
713.5694,0.06286010665857551
714.0515,0.06474760447873469
714.5336,0.06688657572908525
715.0157,0.06888281158641295
715.4979,0.0706887659656082
715.98,0.07244873802920972
716.4621,0.07425137632491859
716.9442,0.07597854721286555
717.4263,0.07727234815229227
717.9084,0.07802146444978064
718.3906,0.07887268463737832
718.8727,0.08017036101849338
719.3548,0.08113888675428023
719.8369,0.0813240647223398
720.319,0.08097404928473752
720.8011,0.08054497267029777
721.2833,0.08022795192403807
721.7654,0.07924654413307063
722.2475,0.07700003922239733
722.7296,0.07405367256406041
723.2117,0.07094650951939765
723.6938,0.06771246052481464
724.176,0.06420768492006843
724.6581,0.060335515030768706
725.1402,0.05641727292178689
725.6223,0.05297187120326004
726.1044,0.05008143210596155
726.5865,0.04690742794183973
727.0687,0.04316230414896737
727.5508,0.039551734246514224
728.0329,0.036133469591600326
728.515,0.033058273404342746
728.9971,0.03050757573430355
729.4792,0.028489688324319112
729.9614,0.026758477106925558
730.4435,0.025364738723457663
730.9256,0.02406823657329102
731.4077,0.022715608864823125
731.8898,0.021273728419011095
732.3719,0.01958261722323634
732.8541,0.01762540524964148
733.3362,0.01585655233554387
733.8183,0.014808767892306689
734.3004,0.014402049091431906
734.7825,0.013712060097093845
735.2646,0.012532361912881373
735.7468,0.011515225885395297
736.2289,0.010933525146580109
736.711,0.010446342277278229
737.1931,0.009766747068577886
737.6752,0.008965896148175685
738.1573,0.008373964746192942
738.6395,0.008271029527471418
739.1216,0.008153783217630852
739.6037,0.0076731901674889705
740.0858,0.006970310420658772
740.5679,0.006127478148141155
741.05,0.0052372282962362135
741.5322,0.004690297975105351
742.0143,0.00479557171711249
742.4964,0.005284348436272533
742.9785,0.005399863298399645
743.4606,0.005075539427670471
743.9427,0.004599901192099534
744.4249,0.0037104859227558963
744.907,0.0030376730432501433
745.3891,0.003103095793035105
745.8712,0.003527418023993974
746.3533,0.0036573846661102755
746.8354,0.0033222548291236644
747.3176,0.0030198323016087493
747.7997,0.0030003863121509057
748.2818,0.0031039319010360217
748.7639,0.003309662066795682
749.246,0.0034951030022924473
749.7281,0.0032657510109520105
750.2103,0.00246633910935163
750.6924,0.0015745668154680229
751.1745,0.001246170248366656
751.6566,0.0014860332480733172
752.1387,0.0019183765763767493
752.6208,0.002755693348361596
753.103,0.0032719799796087088
753.5851,0.003068553928108731
754.0672,0.0025306326516296366
754.5493,0.0020035865731277197
755.0314,0.00149863930986981
755.5135,0.0011081507270984579
755.9957,0.0008843341136929811
756.4778,0.0007482878674854152
756.9599,0.0006815754628845418
757.442,0.0006625605670968611
757.9241,0.0006937127445127542
758.4063,0.0007543194179622778
758.8884,0.0007284170862211857
759.3705,0.0004794632300141395
759.8526,0.00018101846610692822
760.3347,0.00043522341051020254
760.8168,0.001344288541650609
761.299,0.0018577482224844918
761.7811,0.001627223450976469
762.2632,0.00132598610463733
762.7453,0.0015555870527576125
763.2274,0.002080818716736489
763.7095,0.002145524438693202
764.1917,0.001411256385551743
764.6738,0.0009129417716790118
765.1559,0.0011219010842919556
765.638,0.0014476319903093348
766.1201,0.0014315326965163987
766.6022,0.0011741458038970422
767.0844,0.000963389787041462
767.5665,0.0009145094903658986
768.0486,0.0009415331823506149
768.5307,0.0009247607084010883
769.0128,0.0008901777833715722
769.4949,0.0010098614424351013
769.9771,0.0013124535457362384
770.4592,0.0015313287172982399
770.9413,0.001541333930054109
771.4234,0.0014606765422131025
771.9055,0.0014615441664582885
772.3876,0.0015652137586756253
772.8698,0.0015364615978983045
773.3519,0.0012230915970949773
773.834,0.0009738951540975267
774.3161,0.0009252051239656622
774.7982,0.0009550637279419902
775.2803,0.0009569387499166694
775.7625,0.0009185399460808145
776.2446,0.000877320869538276
776.7267,0.0008706866520792885
777.2088,0.000839303244786665
777.6909,0.0006148071738654634
778.173,0.00028785356794547816
778.6552,0.00029005638456177925
779.1373,0.0006997920659791741
779.6194,0.000984060875521519
780.1015,0.0007334127231770859
780.5836,0.0001860315655246895
781.0657,4.8443188031984124e-05
781.5479,0.0005857502499010467
782.03,0.0009318774612019963
782.5121,0.0009414176896259993
782.9942,0.0009290653138918284
783.4763,0.0009409403704695066
783.9584,0.0010340916397358429
784.4406,0.0013708952762552667
784.9227,0.0019791477175753708
785.4048,0.002366670762139903
785.8869,0.002025452899341056
786.369,0.0014863030364353552
786.8511,0.0014319820090290731
787.3333,0.0016814490869098047
787.8154,0.0015906778263799016
788.2975,0.0009973243108509812
788.7796,0.00044661859784441864
789.2617,0.0005094447272057616
789.7438,0.0010818321951405615
790.226,0.0015301096659317342
790.7081,0.0018599119924843134
791.1902,0.0020435418084109565
791.6723,0.0020128188639930676
792.1544,0.0019072919768734
792.6365,0.0017248786039465885
793.1187,0.0015520803048270804
793.6008,0.0016508598110959271
794.0829,0.002244217403330786
794.565,0.0026851732852087064
795.0471,0.002637820625672442
795.5292,0.0024183558146185172
796.0114,0.0022663104729029413
796.4935,0.0021881395612868646
796.9756,0.0021266952408864294
797.4577,0.0020590326783728745
797.9398,0.0020045490119618707
798.4219,0.0020238867911058
798.9041,0.0020862064120432014
799.3862,0.0019939933991762644
799.8683,0.0017313914009894633
800.3504,0.001449569088469921
800.8325,0.0011445180268795084
801.3146,0.0009609749620393009
801.7968,0.001118585996925274
802.2789,0.0016301642904481832
802.761,0.0019564348495912823
803.2431,0.0020689331803174457
803.7252,0.0020549049380308836
804.2073,0.00175580961774327
804.6895,0.001479303807781532
805.1716,0.001534410167678959
805.6537,0.0018218876929121644
806.1358,0.001992274592654192
806.6179,0.0018622517848801488
807.1,0.0017245916569477756
807.5822,0.0019189076997483193
808.0643,0.00227990033925453
808.5464,0.002451051566470206
809.0285,0.0024313385394276704
809.5106,0.0024568718863929094
809.9927,0.002644163443754929
810.4749,0.002891382854997136
810.957,0.003052452598912188
811.4391,0.0031313649957092522
811.9212,0.0030579401856968896
812.4033,0.0027277837846255847
812.8854,0.0024392707736939695
813.3676,0.0021856121684150874
813.8497,0.0020861072524940853
814.3318,0.0024167045194061015
814.8139,0.003068881357860928
815.296,0.003331854748255233
815.7781,0.002553742624655236
816.2603,0.0019770975720967525
816.7424,0.0025287019220608157
817.2245,0.003319634605699286
817.7066,0.0031857079531649084
818.1887,0.002326624947550242
818.6708,0.0018579467986721135
819.153,0.00238086732083839
819.6351,0.0032260654172142334
820.1172,0.0033505855496655055
820.5993,0.0029027674478813987
821.0814,0.0029164186826054145
821.5635,0.0034898334454510544
822.0457,0.003941193133741215
822.5278,0.003984604162290297
823.0099,0.003747721375354087
823.492,0.0033521984635374326
823.9741,0.002750809615270119
824.4562,0.0024444617361413065
824.9384,0.002585680397898958
825.4205,0.0028123933214093313
825.9026,0.0032200772976821125
826.3847,0.003563701779309859
826.8668,0.0035762865831465564
827.3489,0.0033439992338737306
827.8311,0.0032237125439217988
828.3132,0.0034676768015164125
828.7953,0.003568131623518051
829.2774,0.0027952746586002363
829.7595,0.0018261812153958512
830.2416,0.0018578896990199827
830.7238,0.002731622350480616
831.2059,0.0033202763789078387
831.688,0.003095625349185409
832.1701,0.002605820408057663
832.6522,0.0026765346080366756
833.1343,0.0032796812615778774
833.6165,0.003646693718071461
834.0985,0.003729638843405713
834.5806,0.003772079816499232
835.0627,0.003919009064592688
835.5449,0.00395295060407462
836.027,0.003522853031736343
836.5091,0.0026828002986241353
836.9912,0.0022280658567876465
837.4733,0.002354030951636207
837.9554,0.002606286520543251
838.4376,0.0030923899579719263
838.9197,0.003507170308240281
839.4018,0.0035550930822642454
839.8839,0.003365220663819848
840.366,0.0032815873309506656
840.8481,0.0034376140642859644
841.3303,0.0035438942142857655
841.8124,0.0032191426348675122
842.2945,0.002752853585451582
842.7766,0.0026458233941171146
843.2587,0.0028627041168283436
843.7408,0.0032037098373602167
844.223,0.003600284840225377
844.7051,0.003885820995910522
845.1872,0.0038640179201184606
845.6693,0.0035745360797756814
846.1514,0.0032405485344760543
846.6335,0.0027590799780152875
847.1157,0.002624478726614421
847.5978,0.0032194949309839304
848.0799,0.0037452176385675403
848.562,0.0034341836410851827
849.0441,0.0026810440717911573
849.5262,0.002490782630484277
850.0084,0.003188573260019642
850.4905,0.00363197051109085
850.9726,0.003306754447644701
851.4547,0.0029794667987111017
851.9368,0.003212854942356803
852.4189,0.0036781074377507028
852.9011,0.0037943629719993177
853.3832,0.003489262300279959
853.8653,0.0032879772237079294
854.3474,0.0037183034123917493
854.8295,0.00429852837352291
855.3116,0.00425911557050847
855.7938,0.003777958921990256
856.2759,0.0034049649016412616
856.758,0.0032367713874635546
857.2401,0.003116911202781629
857.7222,0.0029230395475530377
858.2043,0.0027650612519432064
858.6865,0.002950937032921742
859.1686,0.003582835806967963
859.6507,0.004035619187195398
860.1328,0.004283504184184831
860.6149,0.0043927912299845835
861.097,0.00443407484994865
861.5792,0.004312610901315145
862.0613,0.0037282043816470453
862.5434,0.002689298394252772
863.0255,0.0022397538484949533
863.5076,0.0029255287705025976
863.9897,0.003661784068658862
864.4719,0.004187568390021401
864.954,0.004552231451774416
865.4361,0.004800338346001341
865.9182,0.0049403390374260486
866.4003,0.004961544366746784
866.8824,0.004852113325599149
867.3646,0.004677629950293079
867.8467,0.004349249710529569
868.3288,0.004068751275429254
868.8109,0.004323127213904023
869.293,0.005002058030125907
869.7751,0.0055726246293555225
870.2573,0.005841355588477245
870.7394,0.005756947437504923
871.2215,0.005165312776112819
871.7036,0.004224006126491634
872.1857,0.003948820140044423
872.6678,0.004547299588282509
873.15,0.004831945738744865
873.6321,0.004453107780285983
874.1142,0.00403453737938602
874.5963,0.004122404502401502
875.0784,0.004455985810294936
875.5605,0.004205498453098582
876.0427,0.0029895906077219035
876.5248,0.002328882603956001
877.0069,0.0027521676737221746
877.489,0.003253586711933999
877.9711,0.003531760715037328
878.4532,0.0035753831326328324
878.9354,0.0032492937550617374
879.4175,0.002641009948358303
879.8996,0.0022945846429954495
880.3817,0.0026775395513293785
880.8638,0.003137670089688799
881.3459,0.003130253014139909
881.8281,0.0028116657223555773
882.3102,0.0023552429385983215
882.7923,0.001831489408857994
883.2744,0.0013497662905424177
883.7565,0.0009631600032527423
884.2386,0.0007246556038726211
884.7208,0.0008045632585062873
885.2029,0.0011396831783569733
885.685,0.0011315998943146163
886.1671,0.0007377963537772982
886.6492,0.0005222915761769428
887.1313,0.0007128844469431752
887.6135,0.0009506335270256106
888.0956,0.0008648137531366096
888.5777,0.0005188160557931173
889.0598,0.0003367789042542302
889.5419,0.00047603566569062717
890.024,0.0005023115990915179
890.5062,0.00022196021546753777
890.9883,2.373043037414476e-05
891.4704,0.00016401700544132282
891.9525,0.00044821273782986364
892.4346,0.0005614389529709515
892.9167,0.00045783362858458975
893.3989,0.0004601103904647214
893.881,0.0008627968965006907
894.3631,0.0011960701134482688
894.8452,0.0012074262971812596
895.3273,0.0009735970248596952
895.8094,0.0004926932640207573
896.2916,0.0
896.7737,0.0
897.2558,0.0
897.7379,0.0
898.22,0.0
898.7021,0.00014601265843742903
899.1843,0.0002169513286273482
899.6664,0.0
900.1485,0.0
900.6306,0.0
901.1127,0.0
901.5948,0.0
902.077,0.0
902.5591,0.0
903.0412,0.0
903.5233,0.0
904.0054,0.0
904.4875,0.0
904.9697,0.0
905.4518,0.0
905.9339,0.0
906.416,0.0
906.8981,0.0
907.3802,0.0
907.8624,0.0
908.3445,0.0
908.8266,0.0
909.3087,0.0
909.7908,0.0
910.2729,0.0
910.7551,0.0
911.2372,0.0
911.7193,0.0
912.2014,0.0
912.6835,0.0
913.1656,0.0
913.6478,0.0
914.1299,0.0
914.612,0.000549107690066203
915.0941,0.0
915.5762,0.0
916.0583,0.0
916.5405,0.0
917.0226,0.0
917.5047,0.0
917.9868,0.0
918.4689,0.0
918.951,0.0
919.4332,0.0
919.9153,0.0
920.3974,0.0
920.8795,0.0
921.3616,0.0
921.8438,0.0
922.3259,0.0
922.808,0.0
923.2901,0.0
923.7722,0.0
924.2543,0.0
924.7365,0.0
925.2186,0.0
925.7007,0.0
926.1828,0.0
926.6649,0.0
927.147,0.0
927.6292,0.0
928.1113,0.0
928.5934,0.0
929.0755,0.0
929.5576,0.0
930.0397,0.0003740421122043563
930.5219,0.00040432785149421
931.004,0.0
931.4861,0.0
931.9682,0.0
932.4503,0.0
932.9324,0.0
933.4146,0.0
933.8967,0.0
934.3788,0.0
934.8609,0.0
935.343,0.0
935.8251,0.0
936.3073,0.0
936.7894,0.0
937.2715,0.0
937.7536,0.0
938.2357,0.0
938.7178,0.0
939.2,0.0
939.6821,0.0
940.1642,0.0
940.6463,0.0
941.1284,0.0
941.6105,0.0
942.0927,0.0
942.5748,0.0
943.0569,0.0
943.539,0.0
944.0211,0.0
944.5032,0.0
944.9854,0.0
945.4675,0.0
945.9496,0.0
946.4317,0.0
946.9138,0.0
947.3959,0.0
947.8781,0.0
948.3602,0.0
948.8423,0.0
949.3244,0.0
949.8065,0.0
950.2886,0.0
950.7708,0.0
951.2529,0.0
951.735,0.0
952.2171,0.0
952.6992,0.0
953.1813,0.0
953.6635,0.0
954.1456,0.0
954.6277,0.0
955.1098,0.0
955.5919,0.0
956.074,0.0
956.5562,0.0
957.0383,0.0
957.5204,0.0
958.0025,0.0
958.4846,0.0
958.9667,0.0
959.4489,0.0
959.931,0.0
960.4131,0.0
960.8952,0.0
961.3773,0.0
961.8594,0.0
962.3416,0.0
962.8237,0.0
963.3058,0.0
963.7879,0.0
964.27,0.0
964.7521,0.0
965.2343,0.0
965.7164,0.0
966.1985,0.0
966.6806,0.0
967.1627,0.0
967.6448,0.0
968.127,0.0
968.6091,0.0
969.0912,0.0
969.5733,0.0
970.0554,0.0
970.5375,0.0
971.0197,0.0
971.5018,0.0
971.9839,0.0
972.466,0.0
972.9481,0.0
973.4302,0.0
973.9124,0.0
974.3945,0.0
974.8766,0.0
975.3587,0.0
975.8408,0.0
976.3229,0.0
976.8051,0.0
977.2872,0.0
977.7693,0.0
978.2514,0.0
978.7335,0.0
979.2156,0.0
979.6978,0.0
980.1799,0.0
980.662,0.0
981.1441,0.0
981.6262,0.0
982.1083,0.0
982.5905,0.0
983.0726,0.0
983.5547,0.0
984.0368,0.0
984.5189,0.0
985.001,0.0
985.4832,0.0
985.9653,0.0
986.4474,0.0
986.9295,0.0
987.4116,0.0
987.8937,0.0
988.3759,0.0
988.858,0.0
989.3401,0.0
989.8222,0.0
990.3043,0.0
990.7864,0.0
991.2686,0.0
991.7507,0.0
992.2328,0.0
992.7149,0.0
993.197,0.0
993.6791,0.0
994.1613,0.0
994.6434,0.0
995.1255,0.0
995.6076,0.0
996.0897,0.0
996.5718,0.0
997.054,0.0
997.5361,0.00019120431845009596
998.0182,0.00020463821644645902
998.5003,0.0
998.9824,0.0
999.4645,0.0
999.9467,0.0
1000.429,0.0
1000.911,1.2423899431592725e-05
1001.393,0.00035588611799832376
1001.875,0.00036659470664578267
1002.357,0.0003272963584900562
1002.839,0.00028564076555641084
1003.321,0.0002916181771654911
1003.804,0.00041921112180195574
1004.286,0.0005379534370711684
1004.768,0.0005901206186194939
1005.25,0.0005763024131670257
1005.732,0.0005221620178304539
1006.214,0.0004061644625337554
1006.696,9.68330878655151e-05
1007.178,0.0
1007.661,0.0
1008.143,0.0
1008.625,1.8632325036909863e-05
1009.107,0.0003619842025841962
1009.589,0.0004967333495849373
1010.071,0.00035230367027014027
1010.553,3.574340912976312e-05
1011.035,0.0
1011.517,0.00039549436081570845
1012.0,0.0008315821688689274
1012.482,0.0006456393486690102
1012.964,0.00022707083387113485
1013.446,0.00016339336478606885
1013.928,0.00037689859624865155
1014.41,0.0006233300234215564
1014.892,0.000849140487078576
1015.374,0.0011411978361313445
1015.857,0.0015733280379725235
1016.339,0.001957251141292017
1016.821,0.0019268973454314496
1017.303,0.0016645628904480444
1017.785,0.0016755409231616462
1018.267,0.0019263817467918061
1018.749,0.0021963450069650433
1019.231,0.0024210653780583785
1019.713,0.0025719770033171357
1020.196,0.0026217551053813798
1020.678,0.002615539576723786
1021.16,0.002629745770351975
1021.642,0.002663544354940836
1022.124,0.0027283524583997013
1022.606,0.0028200787128579274
1023.088,0.0028040397111135534
1023.57,0.0026311943274735833
1024.052,0.002610201251568322
1024.535,0.003037506687906979
1025.017,0.0036596266832932965
1025.499,0.0037999990688035437
1025.981,0.0034473725827934166
1026.463,0.0032998046164216662
1026.945,0.0033900168978611414
1027.427,0.0035375561455549217
1027.909,0.0036974265277181775
1028.392,0.00384953694056307
1028.874,0.003971832886724452
1029.356,0.00413669370155273
1029.838,0.004227063875901339
1030.32,0.004431035754310919
1030.802,0.004589506729450551
1031.284,0.004712696006204405
1031.766,0.004725890046970287
1032.249,0.004525004943231236
1032.731,0.004399142038176199
1033.213,0.004627488284188861
1033.695,0.005130344940923731
1034.177,0.005649449018941215
1034.659,0.006265254871571927
1035.141,0.006611631148353688
1035.623,0.006636864433768061
1036.105,0.006486281220356249
1036.588,0.0060694539546248824
1037.07,0.005680690272453493
1037.552,0.005556632461782706
1038.034,0.005683218749255252
1038.516,0.0060173331207565815
1038.998,0.006678251850426139
1039.48,0.00723478715274114
1039.962,0.007837361300496126
1040.444,0.008091092790624204
1040.927,0.00755299614106095
1041.409,0.006952206551174008
1041.891,0.006967980469665017
1042.373,0.007452024240807311
1042.855,0.007835812811635737
1043.337,0.008164443376652633
1043.819,0.00828669197611585
1044.301,0.007770357197327452
1044.784,0.007614301384647564
1045.266,0.008533551832279898
1045.748,0.009535350133243168
1046.23,0.00964175800373044
1046.712,0.009156531863761249
1047.194,0.009123938073568302
1047.676,0.009852017931684302
1048.158,0.010307802413483383
1048.641,0.009978789700113904
1049.123,0.009904340079610816
1049.605,0.010545614349594341
1050.087,0.01145516061577655
1050.569,0.012438860059320819
1051.051,0.013353957114793874
1051.533,0.013840052032669477
1052.015,0.013730716445577978
1052.497,0.013680338843013557
1052.979,0.013755284160572019
1053.462,0.013970984507548483
1053.944,0.014439506315457852
1054.426,0.014958167551470357
1054.908,0.015246184273272734
1055.39,0.015460935921998131
1055.872,0.01609506373436185
1056.354,0.01735130236018943
1056.836,0.018285467300606973
1057.319,0.018354776993675683
1057.801,0.018444087171412275
1058.283,0.01893131226105119
1058.765,0.01956136837656585
1059.247,0.020071873516268483
1059.729,0.0205548465980791
1060.211,0.02132036538967323
1060.693,0.02246570124069673
1061.176,0.02340760124946625
1061.658,0.023640759063792826
1062.14,0.02405379136985118
1062.622,0.025052213541254913
1063.104,0.02637195726928848
1063.586,0.027993579341773725
1064.068,0.02969211902937146
1064.55,0.03093618689289759
1065.032,0.0316166521447568
1065.515,0.03275530368850629
1065.997,0.03506601665838049
1066.479,0.03747412251230552
1066.961,0.0395459362559907
1067.443,0.04146547729569103
1067.925,0.04328045982697928
1068.407,0.045104428523058966
1068.889,0.04712297851970282
1069.371,0.04936178222882005
1069.854,0.05169127712261149
1070.336,0.05357035724987433
1070.818,0.05615628742244485
1071.3,0.060440846542467196
1071.782,0.06519595156888869
1072.264,0.06911918372954708
1072.746,0.07296952862362105
1073.228,0.07798010978366157
1073.711,0.0843672235177505
1074.193,0.09203203699774289
1074.675,0.10120623523158379
1075.157,0.11112692554807381
1075.639,0.12055960219578675
1076.121,0.13154082646547957
1076.603,0.14545281723237755
1077.085,0.16202465959693652
1077.568,0.18090216209239238
1078.05,0.20194106290572372
1078.532,0.22453634391466112
1079.014,0.24855632573435826
1079.496,0.2739734561352356
1079.978,0.3017758373172292
1080.46,0.3300434751147261
1080.942,0.3574475043010847
1081.424,0.38427846728387727
1081.906,0.4109309414780183
1082.389,0.4375452933664499
1082.871,0.4650975033882568
1083.353,0.49402456219339025
1083.835,0.5226861445686579
1084.317,0.5485945329824292
1084.799,0.5756850888683207
1085.281,0.607274492491398
1085.763,0.6411423474504991
1086.245,0.6750725882969378
1086.728,0.7089093259672695
1087.21,0.7432045682325119
1087.692,0.7783015913354125
1088.174,0.8134889211469304
1088.656,0.8498035904151844
1089.138,0.8845308291213071
1089.62,0.918470204810654
1090.102,0.948181651146564
1090.585,0.9710916861338209
1091.067,0.9868952496350332
1091.549,0.9964198552678248
1092.031,1.0
1092.513,0.9930365808940589
1092.995,0.9746551141416092
1093.477,0.9441396103652845
1093.959,0.8981718227852935
1094.442,0.842708495001907
1094.924,0.7792593280551359
1095.406,0.7109626291071272
1095.888,0.6412777234108695
1096.37,0.571117059719862
1096.852,0.5041986225126103
1097.334,0.44005844698666385
1097.816,0.38126865817296696
1098.298,0.328635550415401
1098.781,0.2816539019571699
1099.263,0.2399661282207073
1099.745,0.20373065680156074
1100.227,0.1737517547892615
1100.709,0.14967889147705232
1101.191,0.12915777952872454
1101.673,0.11221984138670826
1102.155,0.09771903330759164
1102.637,0.0862716406138752
1103.12,0.07628233162837147
1103.602,0.06694319479889291
1104.084,0.05873626283659135
1104.566,0.052433956508112695
1105.048,0.04771178611030905
1105.53,0.04317176625798507
1106.012,0.03842339247451209
1106.494,0.03445584509054884
1106.977,0.03206240489610677
1107.459,0.029632275410498368
1107.941,0.026082163356774865
1108.423,0.022737165111444767
1108.905,0.020847156699826775
1109.387,0.01991660344036014
1109.869,0.01875404187739315
1110.351,0.017182907371804543
1110.833,0.015909421620909397
1111.316,0.0154859723416813
1111.798,0.014672022565862813
1112.28,0.012682893614845241
1112.762,0.010819778693388175
1113.244,0.010128372454562051
1113.726,0.009902683570864306
1114.208,0.008836330909356998
1114.69,0.008541018537722826
1115.172,0.00836632032724328
1115.655,0.007346809480543408
1116.137,0.0069250938152953445
1116.619,0.0067338049934423105
1117.101,0.005492888544223158
1117.583,0.004454690057347009
1118.065,0.0037518749004579873
1118.547,0.003698473987214774
1119.029,0.0041285934082128444
1119.512,0.004109187175849578
1119.994,0.003328274409742003
1120.476,0.002912702264043944
1120.958,0.0031596754413063407
1121.44,0.003190941283003538
1121.922,0.002638553124550566
1122.404,0.001982196204405614
1122.886,0.0015384723633352871
1123.369,0.0013043570054581204
1123.851,0.0013171190431464478
1124.333,0.0016414810313755204
1124.815,0.0016620883416875465
1125.297,0.0012453449123957633
1125.779,0.0009722065515498363
1126.261,0.0010343040840110223
1126.743,0.0009810157268708634
1127.225,0.0004796598264476356
1127.708,0.0
1128.19,0.0
1128.672,6.770082172481198e-05
1129.154,0.00029586858608466883
1129.636,0.00046585589269250644
1130.118,0.0004809903534150743
1130.6,0.00032034517448144837
1131.082,4.823960755212267e-05
1131.564,0.0
1132.047,0.0
1132.529,0.0
1133.011,0.0
1133.493,0.0
1133.975,0.0
1134.457,0.0
1134.939,0.0
1135.421,0.0
1135.904,0.0
1136.386,0.0
1136.868,0.0
1137.35,0.0
1137.832,0.0
1138.314,0.0
1138.796,0.0
1139.278,5.355535979862874e-05
1139.76,0.0
1140.243,0.0
1140.725,0.0
1141.207,0.0
1141.689,0.0
1142.171,0.0
1142.653,0.0
1143.135,0.0
1143.617,0.0
1144.099,0.0
1144.582,0.0
1145.064,0.0
1145.546,0.0
1146.028,0.0
1146.51,0.0
1146.992,0.0
1147.474,0.0
1147.956,0.0
1148.439,0.0
1148.921,0.0
1149.403,0.0
1149.885,0.0
1150.367,0.0
1150.849,0.0
1151.331,0.0
1151.813,0.0
1152.296,0.0
1152.778,0.0
1153.26,0.0
1153.742,0.0
1154.224,0.0
1154.706,0.0
1155.188,0.0
1155.67,0.0
1156.152,0.0
1156.635,0.0
1157.117,0.0
1157.599,0.0
1158.081,0.0
1158.563,0.0
1159.045,0.0
1159.527,0.0
1160.009,0.0
1160.491,0.0
1160.974,0.0
1161.456,0.0
1161.938,0.0
1162.42,0.0
1162.902,0.0
1163.384,0.0
1163.866,0.0
1164.348,0.0
1164.831,0.0
1165.313,0.0
1165.795,0.0
1166.277,0.0
1166.759,0.0
1167.241,0.0
1167.723,0.0
1168.205,0.0
1168.688,0.0
1169.17,0.0
1169.652,0.0
1170.134,0.0
1170.616,0.0
1171.098,0.0
1171.58,0.0
1172.062,0.0
1172.544,0.0
1173.026,0.0
1173.509,0.0
1173.991,0.0
1174.473,0.0
1174.955,0.0
1175.437,0.0
1175.919,0.0
1176.401,0.0
1176.883,0.0
1177.366,0.0
1177.848,0.0
1178.33,0.0
1178.812,0.0
1179.294,0.0
1179.776,0.0
1180.258,0.0
1180.74,0.0
1181.223,0.0
1181.705,0.0
1182.187,0.0
1182.669,0.0
1183.151,0.0
1183.633,0.0
1184.115,0.0
1184.597,0.0
1185.079,0.0
1185.562,0.0
1186.044,0.0
1186.526,0.0
1187.008,0.0
1187.49,0.0
1187.972,0.0
1188.454,0.0
1188.936,0.0
1189.418,0.0
1189.901,0.0
1190.383,0.0
1190.865,0.0
1191.347,5.8657589852222226e-05
1191.829,0.000143789502726401
1192.311,0.0
1192.793,0.0
1193.275,0.0
1193.758,0.0
1194.24,0.0
1194.722,0.0
1195.204,0.0
1195.686,0.0
1196.168,0.0
1196.65,0.0
1197.132,0.0
1197.615,0.0
1198.097,0.0
1198.579,0.0
1199.061,0.0
1199.543,0.0
1200.025,0.0
1200.507,0.0
1200.989,0.0
1201.471,0.0
1201.953,0.0
1202.436,0.0
1202.918,0.0
1203.4,0.0
1203.882,0.0
1204.364,0.0
1204.846,0.0
1205.328,0.0
1205.81,0.0
1206.293,0.0
1206.775,0.0
1207.257,0.0
1207.739,0.0
1208.221,0.0
1208.703,0.0
1209.185,0.0
1209.667,0.0
1210.15,0.0
1210.632,0.0
1211.114,0.0
1211.596,0.0
1212.078,0.0
1212.56,0.0
1213.042,0.0
1213.524,0.0
1214.006,0.0
1214.489,0.0
1214.971,0.0
1215.453,0.0
1215.935,0.0
1216.417,0.0
1216.899,0.0
1217.381,0.0
1217.863,0.0
1218.345,0.0
1218.828,0.0
1219.31,0.0
1219.792,0.0
1220.274,0.0
1220.756,3.9088715929211364e-05
1221.238,0.0003925879616576903
1221.72,0.0005972055470418626
1222.202,8.956483321766973e-06
1222.685,0.0
1223.167,0.0
1223.649,0.0
1224.131,0.0
1224.613,0.0
1225.095,0.0
1225.577,0.0
1226.059,0.00025325792110835393
1226.542,0.0
1227.024,0.0
1227.506,0.0
1227.988,0.0
1228.47,0.00042315925077797547
1228.952,0.0005531262964955826
1229.434,0.00041956123356520195
1229.916,0.0
1230.398,0.0
1230.88,0.0
1231.363,0.00012748181566958275
1231.845,0.00018733474667986835
1232.327,5.600090497145596e-05
1232.809,0.0
1233.291,0.0
1233.773,0.0
1234.255,2.8950009019217413e-06
1234.737,0.00022974885423921026
1235.22,0.0
1235.702,0.0
1236.184,0.00021401298829485838
1236.666,0.0005136430300406885
1237.148,0.0004356894763474377
1237.63,0.00027173600634013893
1238.112,0.00025765366367972565
1238.594,0.00036985257956236527
1239.077,0.0006860766820291259
1239.559,0.0010828687373473948
1240.041,0.0006626329576224589
1240.523,0.0
1241.005,0.0
1241.487,0.0
1241.969,0.00047466029646320773
1242.451,0.0008420215423539677
1242.933,0.0007442125900788702
1243.416,0.0
1243.898,0.0
1244.38,0.0
1244.862,0.0006276398595956494
1245.344,0.0007442586281646395
1245.826,0.00040162309535374474
1246.308,0.0
1246.79,0.0
1247.272,0.0
1247.755,0.000703886101088628
1248.237,0.0011241335240187173
1248.719,0.0003127150937155151
1249.201,0.0
1249.683,0.0003599355932187129
1250.165,0.0008861877427034387
1250.647,0.0011855642281111453
1251.129,0.0013188550355742441
1251.612,0.0013464895920183282
1252.094,0.0012220830002036738
1252.576,0.0007959950587848139
1253.058,8.319980557668897e-05
1253.54,0.0
1254.022,0.0
1254.504,0.0
1254.986,0.00033813082579759455
1255.469,0.0007701520909411757
1255.951,0.0009269396179513909
1256.433,0.0011532913556579077
1256.915,0.001732396307216881
1257.397,0.0022250037436667212
1257.879,0.0017038014512037846
1258.361,0.002297756659790076
1258.843,0.0013087781249858223
1259.325,0.0022651638216536125
1259.807,0.002089523216406851
1260.29,0.001103009140281393
1260.772,0.00046717607053637814
1261.254,0.00041471482657890965
1261.736,0.00047790097061775746
1262.218,0.00046697428066949
1262.7,0.0005071453572445127
1263.182,0.0006240681826670048
1263.664,0.000848372727211971
1264.147,0.0013349493497327094
1264.629,0.0017917189525323079
1265.111,0.0019462358885926165
1265.593,0.0019536496192614065
1266.075,0.0021760093419226937
1266.557,0.0025315245583331426
1267.039,0.002282827572522581
1267.521,0.0010923344611984773
1268.004,0.00045646196367485727
1268.486,0.0004442494277520588
1268.968,0.0007796758958433806
1269.45,0.0014832903552271764
1269.932,0.0019476721137894452
1270.414,0.0018310721620269808
1270.896,0.001450202918216407
1271.378,0.00113162741381845
1271.86,0.000902308131692505
1272.343,0.0008232459713525316
1272.825,0.0008782065257171702
1273.307,0.0010945014093005738
1273.789,0.0013897688067243067
1274.271,0.0015872874273945793
1274.753,0.0016517277568606156
1275.235,0.0015193879345595542
1275.717,0.0011800856147772152
1276.199,0.0010941181125486404
1276.682,0.001885003368178333
1277.164,0.0024412735319536785
1277.646,0.0018593619124234757
1278.128,0.001291983762770603
1278.61,0.00166976862209925
1279.092,0.002262453399457895
1279.574,0.0021263327651827105
1280.056,0.0016080487835951984
1280.539,0.0018394258078897883
1281.021,0.0015912400971330517
1281.503,0.0012713281836470836
1281.985,0.0016117776872987162
1282.467,0.0009386662614351159
1282.949,0.0012155003218613006
1283.431,0.0017456323406712451
1283.913,0.002353409943201304
1284.396,0.0027016445057710383
1284.878,0.0025404603766625185
1285.36,0.0020977568639430656
1285.842,0.0016424676867690378
1286.324,0.001221827871503113
1286.806,0.0009412915035324913
