raman_shift_cm-1,intensity_normalized,first_derivative_normalized,valid_mask
0.0,0.0,0.0,0
0.9758478,0.0,0.0,0
1.9516956,0.0,0.0,0
2.9275434,0.0,0.0,0
3.9033911,0.0,0.0,0
4.8792386,0.0,0.0,0
5.855087,0.0,0.0,0
6.8309345,0.0,0.0,0
7.8067822,0.0,0.0,0
8.78263,0.0,0.0,0
9.758477,0.0,0.0,0
10.734325,0.0,0.0,0
11.710174,0.0,0.0,0
12.686021,0.0,0.0,0
13.661869,0.0,0.0,0
14.637716,0.0,0.0,0
15.6135645,0.0,0.0,0
16.589413,0.0,0.0,0
17.56526,0.0,0.0,0
18.541107,0.0,0.0,0
19.516954,0.0,0.0,0
20.492804,0.0,0.0,0
21.46865,0.0,0.0,0
22.444498,0.0,0.0,0
23.420347,0.0,0.0,0
24.396194,0.0,0.0,0
25.372042,0.0,0.0,0
26.347889,0.0,0.0,0
27.323738,0.0,0.0,0
28.299585,0.0,0.0,0
29.275433,0.0,0.0,0
30.251282,0.0,0.0,0
31.227129,0.0,0.0,0
32.202976,0.0,0.0,0
33.178825,0.0,0.0,0
34.15467,0.0,0.0,0
35.13052,0.0,0.0,0
36.10637,0.0,0.0,0
37.082214,0.0,0.0,0
38.058064,0.0,0.0,0
39.03391,0.0,0.0,0
40.009758,0.0,0.0,0
40.985607,0.0,0.0,0
41.961452,0.0,0.0,0
42.9373,0.0,0.0,0
43.91315,0.0,0.0,0
44.888996,0.0,0.0,0
45.864845,0.0,0.0,0
46.840694,0.0,0.0,0
47.81654,0.0,0.0,0
48.79239,0.0,0.0,0
49.768234,0.0,0.0,0
50.744083,0.0,0.0,0
51.719933,0.0,0.0,0
52.695778,0.0,0.0,0
53.671627,0.0,0.0,0
54.647476,0.0,0.0,0
55.62332,0.0,0.0,0
56.59917,0.0,0.0,0
57.57502,0.0,0.0,0
58.550865,0.0,0.0,0
59.526714,0.0,0.0,0
60.502563,0.0,0.0,0
61.47841,0.0,0.0,0
62.454258,0.0,0.0,0
63.430103,0.0,0.0,0
64.40595,0.0,0.0,0
65.3818,0.0,0.0,0
66.35765,0.0,0.0,0
67.333496,0.0,0.0,0
68.30934,0.0,0.0,0
69.285194,0.0,0.0,0
70.26104,0.0,0.0,0
71.236885,0.0,0.0,0
72.21274,0.0,0.0,0
73.18858,0.0,0.0,0
74.16443,0.0,0.0,0
75.14028,0.0,0.0,0
76.11613,0.0,0.0,0
77.09197,0.0,0.0,0
78.06782,0.0,0.0,0
79.04367,0.0,0.0,0
80.019516,0.0,0.0,0
80.99536,0.0,0.0,0
81.971214,0.0,0.0,0
82.94706,0.0,0.0,0
83.922905,0.0,0.0,0
84.89876,0.0,0.0,0
85.8746,0.0,0.0,0
86.85045,0.0,0.0,0
87.8263,0.0,0.0,0
88.80215,0.0,0.0,0
89.77799,0.0,0.0,0
90.753845,0.0,0.0,0
91.72969,0.0,0.0,0
92.705536,0.0,0.0,0
93.68139,0.0,0.0,0
94.657234,0.0,0.0,0
95.63308,0.0,0.0,0
96.60893,0.0,0.0,0
97.58478,0.0,0.0,0
98.56062,0.0,0.0,0
99.53647,0.0,0.0,0
100.51232,0.0,0.0,0
101.48817,0.0,0.0,0
102.46401,0.0,0.0,0
103.439865,0.0,0.0,0
104.41571,0.0,0.0,0
105.391556,0.0,0.0,0
106.36741,0.0,0.0,0
107.343254,0.0,0.0,0
108.3191,0.0,0.0,0
109.29495,0.0,0.0,0
110.2708,0.0,0.0,0
111.24664,0.0,0.0,0
112.222496,0.0,0.0,0
113.19834,0.0,0.0,0
114.17419,0.0,0.0,0
115.15004,0.0,0.0,0
116.125885,0.0,0.0,0
117.10173,0.0,0.0,0
118.07758,0.0,0.0,0
119.05343,0.0,0.0,0
120.029274,0.0,0.0,0
121.00513,0.0,0.0,0
121.98097,0.0,0.0,0
122.95682,0.0,0.0,0
123.93266,0.0,0.0,0
124.908516,0.0,0.0,0
125.88436,0.0,0.0,0
126.86021,0.0,0.0,0
127.83606,0.0,0.0,0
128.8119,0.0,0.0,0
129.78775,0.0,0.0,0
130.7636,0.0,0.0,0
131.73946,0.0,0.0,0
132.7153,0.0,0.0,0
133.69115,0.0,0.0,0
134.66699,0.0,0.0,0
135.64284,0.0,0.0,0
136.61868,0.0,0.0,0
137.59453,0.0,0.0,0
138.57039,0.0,0.0,0
139.54623,0.0,0.0,0
140.52208,0.0,0.0,0
141.49792,0.0,0.0,0
142.47377,0.0,0.0,0
143.44962,0.0,0.0,0
144.42548,0.0,0.0,0
145.40132,0.0,0.0,0
146.37717,0.0,0.0,0
147.35301,0.0,0.0,0
148.32886,0.0,0.0,0
149.3047,0.0,0.0,0
150.28056,0.0,0.0,0
151.25641,0.0,0.0,0
152.23225,0.0,0.0,0
153.2081,0.0,0.0,0
154.18394,0.0,0.0,0
155.15979,0.0,0.0,0
156.13564,0.0,0.0,0
157.1115,0.0,0.0,0
158.08734,0.0,0.0,0
159.06319,0.0,0.0,0
160.03903,0.0,0.0,0
161.01488,0.0,0.0,0
161.99072,0.0,0.0,0
162.96658,0.0,0.0,0
163.94243,0.0,0.0,0
164.91827,0.0,0.0,0
165.89412,0.0,0.0,0
166.86996,0.0,0.0,0
167.84581,0.0,0.0,0
168.82167,0.0,0.0,0
169.79752,0.0,0.0,0
170.77336,0.0,0.0,0
171.7492,0.0,0.0,0
172.72505,0.0,0.0,0
173.7009,0.0,0.0,0
174.67676,0.0,0.0,0
175.6526,0.0,0.0,0
176.62845,0.0,0.0,0
177.6043,0.0,0.0,0
178.58014,0.0,0.0,0
179.55598,0.0,0.0,0
180.53183,0.0,0.0,0
181.50769,0.0,0.0,0
182.48354,0.0,0.0,0
183.45938,0.0,0.0,0
184.43523,0.0,0.0,0
185.41107,0.0,0.0,0
186.38692,0.0,0.0,0
187.36278,0.0,0.0,0
188.33862,0.0,0.0,0
189.31447,0.0,0.0,0
190.29031,0.0,0.0,0
191.26616,0.0,0.0,0
192.242,0.0,0.0,0
193.21786,0.0,0.0,0
194.19371,0.0,0.0,0
195.16956,0.0,0.0,0
196.1454,0.0,0.0,0
197.12125,0.0,0.0,0
198.09709,0.0,0.0,0
199.07294,0.0,0.0,0
200.0488,0.0,0.0,0
201.02464,0.0,0.0,0
202.00049,0.0,0.0,0
202.97633,0.0,0.0,0
203.95218,0.0,0.0,0
204.92802,0.0,0.0,0
205.90388,0.0,0.0,0
206.87973,0.0,0.0,0
207.85558,0.0,0.0,0
208.83142,0.0,0.0,0
209.80727,0.0,0.0,0
210.78311,0.0,0.0,0
211.75897,0.0,0.0,0
212.73482,0.0,0.0,0
213.71066,0.0,0.0,0
214.68651,0.0,0.0,0
215.66235,0.0,0.0,0
216.6382,0.0,0.0,0
217.61406,0.0,0.0,0
218.5899,0.0,0.0,0
219.56575,0.0,0.0,0
220.5416,0.0,0.0,0
221.51744,0.0,0.0,0
222.49329,0.0,0.0,0
223.46913,0.0,0.0,0
224.44499,0.0,0.0,0
225.42084,0.0,0.0,0
226.39668,0.0,0.0,0
227.37253,0.0,0.0,0
228.34837,0.0,0.0,0
229.32422,0.0,0.0,0
230.30008,0.0,0.0,0
231.27592,0.0,0.0,0
232.25177,0.0,0.0,0
233.22762,0.0,0.0,0
234.20346,0.0,0.0,0
235.1793,0.0,0.0,0
236.15517,0.0,0.0,0
237.13101,0.0,0.0,0
238.10686,0.0,0.0,0
239.0827,0.0,0.0,0
240.05855,0.0,0.0,0
241.0344,0.0,0.0,0
242.01025,0.0,0.0,0
242.9861,0.0,0.0,0
243.96194,0.0,0.0,0
244.93779,0.0,0.0,0
245.91364,0.0,0.0,0
246.88948,0.0,0.0,0
247.86533,0.0,0.0,0
248.84119,0.0,0.0,0
249.81703,0.0,0.0,0
250.79288,0.0,0.0,0
251.76872,0.0,0.0,0
252.74457,0.0,0.0,0
253.72041,0.0,0.0,0
254.69627,0.0,0.0,0
255.67212,0.0,0.0,0
256.64795,0.0,0.0,0
257.6238,0.0,0.0,0
258.59967,0.0,0.0,0
259.5755,0.0,0.0,0
260.55136,0.0,0.0,0
261.5272,0.0,0.0,0
262.50305,0.0,0.0,0
263.4789,0.0,0.0,0
264.45474,0.0,0.0,0
265.4306,0.0,0.0,0
266.40643,0.0,0.0,0
267.3823,0.0,0.0,0
268.35812,0.0,0.0,0
269.33398,0.0,0.0,0
270.30984,0.0,0.0,0
271.28568,0.0,0.0,0
272.26154,0.0,0.0,0
273.23737,0.0,0.0,0
274.21323,0.0,0.0,0
275.18906,0.0,0.0,0
276.16492,0.0,0.0,0
277.14078,0.0,0.0,0
278.1166,0.0,0.0,0
279.09247,0.0,0.0,0
280.0683,0.0,0.0,0
281.04416,0.0,0.0,0
282.02002,0.0,0.0,0
282.99585,0.0,0.0,0
283.9717,0.0,0.0,0
284.94754,0.0,0.0,0
285.9234,0.0,0.0,0
286.89923,0.0,0.0,0
287.8751,0.0,0.0,0
288.85095,0.0,0.0,0
289.82678,0.0,0.0,0
290.80264,0.0,0.0,0
291.77847,0.0,0.0,0
292.75433,0.0,0.0,0
293.73016,0.0,0.0,0
294.70602,0.0,0.0,0
295.6819,0.0,0.0,0
296.6577,0.0,0.0,0
297.63358,0.0,0.0,0
298.6094,0.0,0.0,0
299.58527,0.0,0.0,0
300.56113,0.0,0.0,0
301.53696,0.0,0.0,0
302.51282,0.0,0.0,0
303.48865,0.0,0.0,0
304.4645,0.0,0.0,0
305.44034,0.0,0.0,0
306.4162,0.0,0.0,0
307.39206,0.0,0.0,0
308.3679,0.0,0.0,0
309.34375,0.0,0.0,0
310.31958,0.0,0.0,0
311.29544,0.0,0.0,0
312.27127,0.0,0.0,0
313.24713,0.0,0.0,0
314.223,0.0,0.0,0
315.19882,0.0,0.0,0
316.17468,0.0,0.0,0
317.1505,0.0,0.0,0
318.12637,0.0,0.0,0
319.10223,0.0,0.0,0
320.07806,0.0,0.0,0
321.05392,0.0,0.0,0
322.02975,0.0,0.0,0
323.0056,0.0,0.0,0
323.98145,0.0,0.0,0
324.9573,0.0,0.0,0
325.93317,0.0,0.0,0
326.909,0.0,0.0,0
327.88486,0.0,0.0,0
328.8607,0.0,0.0,0
329.83655,0.0,0.0,0
330.8124,0.0,0.0,0
331.78824,0.0,0.0,0
332.7641,0.0,0.0,0
333.73993,0.0,0.0,0
334.7158,0.0,0.0,0
335.69162,0.0,0.0,0
336.66748,0.0,0.0,0
337.64334,0.0,0.0,0
338.61917,0.0,0.0,0
339.59503,0.0,0.0,0
340.57086,0.0,0.0,0
341.54672,0.0,0.0,0
342.52255,0.0,0.0,0
343.4984,0.0,0.0,0
344.47427,0.0,0.0,0
345.4501,0.0,0.0,0
346.42596,0.0,0.0,0
347.4018,0.0,0.0,0
348.37766,0.0,0.0,0
349.35352,0.0,0.0,0
350.32935,0.0,0.0,0
351.3052,0.0,0.0,0
352.28104,0.0,0.0,0
353.2569,0.0,0.0,0
354.23273,0.0,0.0,0
355.2086,0.0,0.0,0
356.18445,0.0,0.0,0
357.16028,0.0,0.0,0
358.13614,0.0,0.0,0
359.11197,0.0,0.0,0
360.08783,0.0,0.0,0
361.06366,0.0,0.0,0
362.03952,0.0,0.0,0
363.01538,0.0,0.0,0
363.9912,0.0,0.0,0
364.96707,0.0,0.0,0
365.9429,0.0,0.0,0
366.91876,0.0,0.0,0
367.89462,0.0,0.0,0
368.87045,0.0,0.0,0
369.8463,0.0,0.0,0
370.82214,0.0,0.0,0
371.798,0.0,0.0,0
372.77383,0.0,0.0,0
373.7497,0.0,0.0,0
374.72556,0.0,0.0,0
375.7014,0.0,0.0,0
376.67725,0.0,0.0,0
377.65308,0.0,0.0,0
378.62894,0.0,0.0,0
379.60477,0.0,0.0,0
380.58063,0.0,0.0,0
381.5565,0.0,0.0,0
382.53232,0.0,0.0,0
383.50818,0.0,0.0,0
384.484,0.0,0.0,0
385.45987,0.0,0.0,0
386.43573,0.0,0.0,0
387.41156,0.0,0.0,0
388.38742,0.0,0.0,0
389.36325,0.0,0.0,0
390.3391,0.0,0.0,0
391.31494,0.0,0.0,0
392.2908,0.0,0.0,0
393.26666,0.0,0.0,0
394.2425,0.0,0.0,0
395.21835,0.0,0.0,0
396.19418,0.0,0.0,0
397.17004,0.0,0.0,0
398.14587,0.0,0.0,0
399.12173,0.0,0.0,0
400.0976,0.0,0.0,0
401.07343,0.0,0.0,0
402.0493,0.0,0.0,0
403.02512,0.0,0.0,0
404.00098,0.0,0.0,0
404.97684,0.0,0.0,0
405.95267,0.0,0.0,0
406.92853,0.0,0.0,0
407.90436,0.0,0.0,0
408.88022,0.0,0.0,0
409.85605,0.0,0.0,0
410.8319,0.0,0.0,0
411.80777,0.0,0.0,0
412.7836,0.0,0.0,0
413.75946,0.0,0.0,0
414.7353,0.0,0.0,0
415.71115,0.0,0.0,0
416.687,0.0,0.0,0
417.66284,0.0,0.0,0
418.6387,0.0,0.0,0
419.61453,0.0,0.0,0
420.5904,0.0,0.0,0
421.56622,0.0,0.0,0
422.54208,0.0,0.0,0
423.51794,0.0,0.0,0
424.49377,0.0,0.0,0
425.46964,0.0,0.0,0
426.44547,0.0,0.0,0
427.42133,0.0,0.0,0
428.39716,0.0,0.0,0
429.37302,0.0,0.0,0
430.34888,0.0,0.0,0
431.3247,0.0,0.0,0
432.30057,0.0,0.0,0
433.2764,0.0,0.0,0
434.25226,0.0,0.0,0
435.22812,0.0,0.0,0
436.20395,0.0,0.0,0
437.1798,0.0,0.0,0
438.15564,0.0,0.0,0
439.1315,0.0,0.0,0
440.10733,0.0,0.0,0
441.0832,0.0,0.0,0
442.05905,0.0,0.0,0
443.03488,0.0,0.0,0
444.01074,0.0,0.0,0
444.98657,0.0,0.0,0
445.96243,0.0,0.0,0
446.93826,0.0,0.0,0
447.91412,0.0,0.0,0
448.88998,0.0,0.0,0
449.8658,0.0,0.0,0
450.84167,0.0,0.0,0
451.8175,0.0,0.0,0
452.79337,0.0,0.0,0
453.76923,0.0,0.0,0
454.74506,0.0,0.0,0
455.72092,0.0,0.0,0
456.69675,0.0,0.0,0
457.6726,0.0,0.0,0
458.64844,0.0,0.0,0
459.6243,0.0,0.0,0
460.60016,0.0,0.0,0
461.576,0.0,0.0,0
462.55185,0.0,0.0,0
463.52768,0.0,0.0,0
464.50354,0.0,0.0,0
465.47937,0.0,0.0,0
466.45523,0.0,0.0,0
467.4311,0.0,0.0,0
468.40692,0.0,0.0,0
469.38278,0.0,0.0,0
470.3586,0.0,0.0,0
471.33447,0.0,0.0,0
472.31033,0.0,0.0,0
473.28616,0.0,0.0,0
474.26202,0.0,0.0,0
475.23785,0.0,0.0,0
476.2137,0.0,0.0,0
477.18954,0.0,0.0,0
478.1654,0.0,0.0,0
479.14127,0.0,0.0,0
480.1171,0.0,0.0,0
481.09296,0.0,0.0,0
482.0688,0.0,0.0,0
483.04465,0.0,0.0,0
484.0205,0.0,0.0,0
484.99634,0.0,0.0,0
485.9722,0.0,0.0,0
486.94803,0.0,0.0,0
487.9239,0.0,0.0,0
488.89972,0.0,0.0,0
489.87558,0.0,0.0,0
490.85144,0.0,0.0,0
491.82727,0.0,0.0,0
492.80313,0.0,0.0,0
493.77896,0.0,0.0,0
494.75482,0.0,0.0,0
495.73065,0.0,0.0,0
496.7065,0.0,0.0,0
497.68237,0.0,0.0,0
498.6582,0.0,0.0,0
499.63406,0.0,0.0,0
500.6099,0.0,0.0,0
501.58575,0.0,0.0,0
502.5616,0.0,0.0,0
503.53745,0.0,0.0,0
504.5133,0.0,0.0,0
505.48914,0.0,0.0,0
506.465,0.0,0.0,0
507.44083,0.0,0.0,0
508.4167,0.0,0.0,0
509.39255,0.0,0.0,0
510.36838,0.0,0.0,0
511.34424,0.0,0.0,0
512.32007,0.0,0.0,0
513.2959,0.0,0.0,0
514.2718,0.0,0.0,0
515.2476,0.0,0.0,0
516.22345,0.0,0.0,0
517.19934,0.0,0.0,0
518.1752,0.0,0.0,0
519.151,0.0,0.0,0
520.12683,0.0,0.0,0
521.1027,0.0,0.0,0
522.07855,0.0,0.0,0
523.0544,0.0,0.0,0
524.0303,0.0,0.0,0
525.0061,0.0,0.0,0
525.98193,0.0,0.0,0
526.9578,0.0,0.0,0
527.93365,0.0,0.0,0
528.9095,0.0,0.0,0
529.8853,0.0,0.0,0
530.8612,0.0,0.0,0
531.83704,0.0,0.0,0
532.81287,0.0,0.0,0
533.78876,0.0,0.0,0
534.7646,0.0,0.0,0
535.7404,0.0,0.0,0
536.71625,0.0,0.0,0
537.69214,0.0,0.0,0
538.66797,0.0,0.0,0
539.6438,0.0,0.0,0
540.6197,0.0,0.0,0
541.5955,0.0,0.0,0
542.57135,0.0,0.0,0
543.5472,0.0,0.0,0
544.5231,0.0,0.0,0
545.4989,0.0,0.0,0
546.47473,0.0,0.0,0
547.4506,0.0,0.0,0
548.42645,0.0,0.0,0
549.4023,0.0,0.0,0
550.3781,0.0,0.0,0
551.354,0.0,0.0,0
552.32983,0.0,0.0,0
553.30566,0.0,0.0,0
554.28156,0.0,0.0,0
555.2574,0.0,0.0,0
556.2332,0.0,0.0,0
557.20905,0.0,0.0,0
558.18494,0.0,0.0,0
559.16077,0.0,0.0,0
560.1366,0.0,0.0,0
561.1125,0.0,0.0,0
562.0883,0.0,0.0,0
563.06415,0.0,0.0,0
564.04004,0.0,0.0,0
565.01587,0.0,0.0,0
565.9917,0.0,0.0,0
566.9675,0.0,0.0,0
567.9434,0.0,0.0,0
568.91925,0.0,0.0,0
569.8951,0.0,0.0,0
570.871,0.0,0.0,0
571.8468,0.0,0.0,0
572.82263,0.0,0.0,0
573.79846,0.0,0.0,0
574.77435,0.0,0.0,0
575.7502,0.0,0.0,0
576.726,0.0,0.0,0
577.7019,0.0,0.0,0
578.67773,0.0,0.0,0
579.65356,0.0,0.0,0
580.6294,0.0,0.0,0
581.6053,0.0,0.0,0
582.5811,0.0,0.0,0
583.55695,0.0,0.0,0
584.53284,0.0,0.0,0
585.50867,0.0,0.0,0
586.4845,0.0,0.0,0
587.4603,0.0,0.0,0
588.4362,0.0,0.0,0
589.41205,0.0,0.0,0
590.3879,0.0,0.0,0
591.3638,0.0,0.0,0
592.3396,0.0,0.0,0
593.3154,0.0,0.0,0
594.2913,0.0,0.0,0
595.26715,0.0,0.0,0
596.243,0.0,0.0,0
597.2188,0.0,0.0,0
598.1947,0.0,0.0,0
599.17053,0.0,0.0,0
600.14636,0.0,0.0,0
601.12225,0.0,0.0,0
602.0981,0.0,0.0,0
603.0739,0.0,0.0,0
604.04974,0.0,0.0,0
605.02563,0.0,0.0,0
606.00146,0.0,0.0,0
606.9773,0.0,0.0,0
607.9532,0.0,0.0,0
608.929,0.0,0.0,0
609.90485,0.0,0.0,0
610.8807,0.0,0.0,0
611.85657,0.0,0.0,0
612.8324,0.0,0.0,0
613.8082,0.0,0.0,0
614.7841,0.0,0.0,0
615.75995,0.0,0.0,0
616.7358,0.0,0.0,0
617.7116,0.0,0.0,0
618.6875,0.0,0.0,0
619.6633,0.0,0.0,0
620.63916,0.0,0.0,0
621.61505,0.0,0.0,0
622.5909,0.0,0.0,0
623.5667,0.0,0.0,0
624.54254,0.0,0.0,0
625.51843,0.0,0.0,0
626.49426,0.0,0.0,0
627.4701,0.0,0.0,0
628.446,0.0,0.0,0
629.4218,0.0,0.0,0
630.39764,0.0,0.0,0
631.37354,0.0,0.0,0
632.34937,0.0,0.0,0
633.3252,0.0,0.0,0
634.301,0.0,0.0,0
635.2769,0.0,0.0,0
636.25275,0.0,0.0,0
637.2286,0.0,0.0,0
638.20447,0.0,0.0,0
639.1803,0.0,0.0,0
640.1561,0.0,0.0,0
641.13196,0.0,0.0,0
642.10785,0.0,0.0,0
643.0837,0.0,0.0,0
644.0595,0.0,0.0,0
645.0354,0.0,0.0,0
646.0112,0.0,0.0,0
646.98706,0.0,0.0,0
647.9629,0.0,0.0,0
648.9388,0.0,0.0,0
649.9146,0.0,0.0,0
650.89044,0.0,0.0,0
651.86633,0.0,0.0,0
652.84216,0.0,0.0,0
653.818,0.0,0.0,0
654.7938,0.0,0.0,0
655.7697,0.0,0.0,0
656.74554,0.0,0.0,0
657.7214,0.0,0.0,0
658.69727,0.0,0.0,0
659.6731,0.0,0.0,0
660.6489,0.0,0.0,0
661.6248,0.0,0.0,0
662.60065,0.0,0.0,0
663.5765,0.0,0.0,0
664.5523,0.0,0.0,0
665.5282,0.0,0.0,0
666.504,0.0,0.0,0
667.47986,0.0,0.0,0
668.45575,0.0,0.0,0
669.4316,0.0,0.0,0
670.4074,0.0,0.0,0
671.38324,0.0,0.0,0
672.35913,0.0,0.0,0
673.33496,0.0,0.0,0
674.3108,0.0,0.0,0
675.2867,0.0,0.0,0
676.2625,0.0,0.0,0
677.23834,0.0,0.0,0
678.2142,0.0,0.0,0
679.19006,0.0,0.0,0
680.1659,0.0,0.0,0
681.1417,0.0,0.0,0
682.1176,0.0,0.0,0
683.09344,0.0,0.0,0
684.0693,0.0,0.0,0
685.0451,0.0,0.0,0
686.021,0.0,0.0,0
686.9968,0.0,0.0,0
687.97266,0.0,0.0,0
688.94855,0.0,0.0,0
689.9244,0.0,0.0,0
690.9002,0.0,0.0,0
691.87604,0.0,0.0,0
692.8519,0.0,0.0,0
693.82776,0.0,0.0,0
694.8036,0.0,0.0,0
695.7795,0.0,0.0,0
696.7553,0.0,0.0,0
697.73114,0.0,0.0,0
698.70703,0.0,0.0,0
699.68286,0.0,0.0,0
700.6587,0.0,0.0,0
701.6345,0.0,0.0,0
702.6104,0.0,0.0,0
703.58624,0.0,0.0,0
704.5621,0.0,0.0,0
705.53796,0.0,0.0,0
706.5138,0.0,0.0,0
707.4896,0.0,0.0,0
708.46545,0.0,0.0,0
709.44135,0.0,0.0,0
710.4172,0.0,0.0,0
711.393,0.0,0.0,0
712.3689,0.0,0.0,0
713.3447,0.0,0.0,0
714.32056,0.0,0.0,0
715.2964,0.0,0.0,0
716.2723,0.0,0.0,0
717.2481,0.0,0.0,0
718.22394,0.0,0.0,0
719.1998,0.0,0.0,0
720.17566,0.0,0.0,0
721.1515,0.0,0.0,0
722.1273,0.0,0.0,0
723.1032,0.0,0.0,0
724.07904,0.0,0.0,0
725.0549,0.0,0.0,0
726.03076,0.0,0.0,0
727.0066,0.0,0.0,0
727.9824,0.0,0.0,0
728.9583,0.0,0.0,0
729.93414,0.0,0.0,0
730.91,0.0,0.0,0
731.8858,0.0,0.0,0
732.8617,0.0,0.0,0
733.8375,0.0,0.0,0
734.81335,0.0,0.0,0
735.78925,0.0,0.0,0
736.7651,0.0,0.0,0
737.7409,0.0,0.0,0
738.71674,0.0,0.0,0
739.6926,0.0,0.0,0
740.66846,0.0,0.0,0
741.6443,0.0,0.0,0
742.6202,0.0,0.0,0
743.596,0.0,0.0,0
744.57184,0.0,0.0,0
745.54767,0.0,0.0,0
746.52356,0.0,0.0,0
747.4994,0.0,0.0,0
748.4752,0.0,0.0,0
749.4511,0.0,0.0,0
750.42694,0.0,0.0,0
751.4028,0.0,0.0,0
752.3786,0.0,0.0,0
753.3545,0.0,0.0,0
754.3303,0.0,0.0,0
755.30615,0.0,0.0,0
756.28204,0.0,0.0,0
757.2579,0.0,0.0,0
758.2337,0.0,0.0,0
759.20953,0.0,0.0,0
760.1854,0.0,0.0,0
761.16125,0.0,0.0,0
762.1371,0.0,0.0,0
763.113,0.0,0.0,0
764.0888,0.0,0.0,0
765.06464,0.0,0.0,0
766.0405,0.0,0.0,0
767.01636,0.0,0.0,0
767.9922,0.0,0.0,0
768.968,0.0,0.0,0
769.9439,0.0,0.0,0
770.91974,0.0,0.0,0
771.89557,0.0,0.0,0
772.87146,0.0,0.0,0
773.8473,0.0,0.0,0
774.8231,0.0,0.0,0
775.79895,0.0,0.0,0
776.77484,0.10923398,0.2777652,1
777.7507,0.09222557,0.030081948,1
778.7265,0.11922084,0.01718772,1
779.7024,0.09792885,-0.10119267,1
780.6782,0.085624434,-0.23770162,1
781.65405,0.019014698,0.124212764,1
782.6299,0.12686162,0.29454255,1
783.6058,0.11679506,-0.056097943,1
784.5816,0.10823707,0.13295701,1
785.55743,0.16093524,0.29836985,1
786.5333,0.20729508,0.30902636,1
787.50916,0.26353094,-0.16431351,1
788.485,0.15274492,-0.51163,1
789.4608,0.0936758,0.26427317,1
790.4367,0.24049614,0.6913758,1
791.41254,0.32321563,0.11139571,1
792.38837,0.27747822,-0.6306843,1
793.36426,0.11382194,-0.66841394,1
794.3401,0.055559084,-0.049072992,1
795.3159,0.09753028,0.06578138,1
796.29175,0.07739773,-0.054270685,1
797.26764,0.079513885,0.075788364,1
798.24347,0.10255804,-0.011388831,1
799.2193,0.07573293,-0.061133906,1
800.1952,0.08226376,-0.13636859,1
801.171,0.030462382,-0.06743861,1
802.14685,0.05987493,0.10092568,1
803.12274,0.063967995,0.4410781,1
804.0986,0.20630361,0.628014,1
805.0744,0.2724613,-0.103514165,1
806.05023,0.17193812,-0.76158655,1
807.0261,0.019612357,-0.12392485,1
808.00195,0.13077874,0.52572596,1
808.9778,0.19414721,0.020825727,1
809.9537,0.13768537,-0.33703536,1
810.9295,0.082251854,-0.27037412,1
811.90533,0.047924343,-0.058427107,1
812.88116,0.062854744,0.17696747,1
813.85706,0.10667912,0.08553444,1
814.8329,0.09125576,-0.067081235,1
815.8087,0.08440893,-0.13234371,1
816.7846,0.04731594,-0.15378238,1
817.76044,0.03335194,-0.10449663,1
818.73627,0.012624287,0.07196196,1
819.7121,0.057242464,0.052936,1
820.688,0.030194487,-0.093138665,1
821.6638,0.026319101,-0.003970337,1
822.63965,0.028876381,0.120131284,1
823.61554,0.066204704,0.0075472104,1
824.5914,0.031386554,-0.07297043,1
825.5672,0.04197938,0.036737967,1
826.543,0.04358313,0.040193807,1
827.5189,0.05532431,-0.02306719,1
828.49475,0.0359268,-0.03706433,1
829.4706,0.043019384,-0.027115885,1
830.4465,0.026922915,0.020209651,1
831.4223,0.049726523,-0.07948308,1
832.39813,0.000535466,0.040346857,1
833.374,0.06312862,0.06090216,1
834.34985,0.020761464,-0.13414328,1
835.3257,0.018594626,0.11779007,1
836.3015,0.059866384,0.006648347,1
837.2774,0.020796845,0.009899618,1
838.25323,0.06314795,0.13697724,1
839.22906,0.06627168,-0.028337635,1
840.20496,0.05373892,0.032188803,1
841.1808,0.07695608,0.25116178,1
842.1566,0.13712168,0.26713872,1
843.13245,0.165643,-0.14883374,1
844.10834,0.08770243,-0.34904552,1
845.08417,0.049757842,-0.2558985,1
846.06,0.002747132,-0.045688532,1
847.0359,0.034594245,0.3800548,1
848.0117,0.1289209,0.47616106,1
848.98755,0.19267415,-0.048701614,1
849.9634,0.11275253,-0.2181066,1
850.9393,0.12026852,-0.056556374,1
851.9151,0.093977995,-0.25729957,1
852.8909,0.03484808,-0.17282179,1
853.8668,0.0366052,0.13188198,1
854.84265,0.0786302,-0.009778019,1
855.8185,0.033359013,0.19747241,1
856.7943,0.14418873,0.5089401,1
857.7702,0.20232315,0.09052246,1
858.74603,0.17424743,-0.22740555,1
859.72186,0.12682718,-0.09996253,1
860.69775,0.14106387,-0.10360599,1
861.6736,0.09243404,-0.0056150397,1
862.6494,0.13919973,-0.0018126742,1
863.62524,0.09183225,-0.18752891,1
864.60114,0.07694242,0.24875556,1
865.57697,0.17441173,0.62573874,1
866.5528,0.28468034,0.17777348,1
867.5287,0.23342219,0.11409194,1
868.5045,0.3225499,0.39414346,1
869.48035,0.3642732,0.123153225,1
870.45624,0.363434,-0.03959523,1
871.43207,0.3511283,0.081985146,1
872.4079,0.39065212,0.112319276,1
873.3837,0.38841698,0.040544897,1
874.3596,0.40411413,0.07968785,1
875.33545,0.4148735,-0.004860195,1
876.3113,0.4025006,-0.088529706,1
877.2872,0.3854815,0.04947146,1
878.263,0.41892186,-0.031446025,1
879.23883,0.37504178,-0.076441325,1
880.21466,0.39354423,0.11056597,1
881.19055,0.41174954,-0.07225766,1
882.1664,0.36955854,0.006071608,1
883.1422,0.41376522,0.04027553,1
884.1181,0.38292527,-0.19030121,1
885.09393,0.35058555,-0.050441623,1
886.06976,0.36617926,-0.18460032,1
887.0456,0.2893004,-0.34004194,1
888.0215,0.2532884,-0.21928938,1
888.9973,0.21649666,-0.18548508,1
889.97314,0.19170952,-0.17212354,1
890.94904,0.15935142,-0.075097635,1
891.92487,0.1667747,-0.09222238,1
892.9007,0.12873468,-0.08307809,1
893.8765,0.13919376,0.08834277,1
894.8524,0.1580649,-0.12545657,1
895.82825,0.0975473,-0.19947062,1
896.8041,0.091842994,-0.06736438,1
897.77997,0.075181745,-0.07094071,1
898.7558,0.06829015,-0.011901026,1
899.7316,0.07123075,0.014302149,1
900.7075,0.073038384,-0.13262503,1
901.68335,0.027202396,0.06760885,1
902.6592,0.09548373,0.12569565,1
903.635,0.06893188,-0.12529123,1
904.6109,0.053887937,-0.028963927,1
905.58673,0.059314605,0.013580636,1
906.56256,0.058396548,-0.12972702,1
907.53845,0.016242832,0.018719725,1
908.5143,0.0646058,-0.016597513,1
909.4901,0.010732653,-0.15460432,1
910.46594,0.013278979,0.16089502,1
911.44183,0.064152606,0.22924644,1
912.41766,0.089390084,-0.08320761,1
913.3935,0.036528654,-0.14040571,1
914.3694,0.04277928,-0.044366546,1
915.3452,0.021800721,0.03883526,1
916.32104,0.055672135,0.13526909,1
917.2969,0.06670847,0.050964504,1
918.27277,0.07259197,-0.078691944,1
919.2486,0.040585212,-0.12007987,1
920.2244,0.032726865,0.036624897,1
921.2003,0.052746378,-0.01671311,1
922.17615,0.027180983,-0.014803886,1
923.152,0.04783166,0.055871584,1
924.1278,0.045729693,0.053190626,1
925.1037,0.06549224,0.11292634,1
926.0795,0.08322121,-0.063622534,1
927.05536,0.044370305,-0.19380216,1
928.03125,0.018879987,-0.041926865,1
929.0071,0.030448321,0.05713687,1
929.9829,0.037848756,-0.0637351,1
930.95874,0.009289017,-0.06520639,1
931.93463,0.016202537,0.07713013,1
932.91046,0.03489538,0.188175,1
933.8863,0.07867443,-0.025438206,1
934.8622,0.026443928,-0.15662907,1
935.838,0.026670502,0.09984296,1
936.81384,0.059590623,0.06479775,1
937.78973,0.0481805,-0.0729813,1
938.76556,0.03536101,-0.062379763,1
939.7414,0.027471147,0.01814526,1
940.7172,0.041385025,-0.010042722,1
941.6931,0.02413503,0.017755255,1
942.66895,0.047277216,0.055118144,1
943.6448,0.04243361,-0.11446371,1
944.62067,0.009273647,0.016550949,1
945.5965,0.047924004,0.054641314,1
946.5723,0.027413921,-0.06662183,1
947.54816,0.02580634,0.062186595,1
948.52405,0.048061285,0.110854,1
949.4999,0.062610194,-0.02282673,1
950.4757,0.040483076,-0.05606538,1
951.4516,0.043998178,-0.058149964,1
952.4274,0.021179011,0.024125457,1
953.40326,0.05200755,0.13413757,1
954.3791,0.06571111,-0.0074348534,1
955.355,0.049537323,0.07144941,1
956.3308,0.08942871,0.19643895,1
957.30664,0.114752755,0.014018392,1
958.28253,0.09407993,0.10209286,1
959.25836,0.14864273,0.09980836,1
960.2342,0.12721513,-0.036500473,1
961.21,0.136525,0.14110683,1
962.1859,0.1740642,0.029078037,1
963.16174,0.14618294,0.16977687,1
964.1376,0.23042813,0.029194763,1
965.11346,0.15586565,-0.13634974,1
966.0893,0.1851537,0.114072405,1
967.0651,0.19373636,-0.0071202614,1
968.041,0.18278855,-0.019708132,1
969.01685,0.1871923,-0.44145325,1
969.9927,0.03623127,-0.5032101,1
970.9685,0.020132452,0.038405366,1
971.9444,0.048984613,-0.06065482,1
972.9202,0.0,-0.09755913,1
973.89606,0.016596124,0.015613538,1
974.87195,0.005181922,0.04767457,1
975.8478,0.032421596,0.14885677,1
976.8236,0.054600626,0.077004835,1
977.79944,0.0579863,-0.00063805276,1
978.7753,0.054388363,-0.054639686,1
979.75116,0.039846677,-0.08358084,1
980.727,0.026640506,0.028440312,1
981.7029,0.049291067,0.21720314,1
982.6787,0.09874997,0.4292459,1
983.65454,0.19179568,0.24214403,1
984.6304,0.17913896,-0.007677438,1
985.60626,0.18924822,-0.0074262903,1
986.5821,0.17667484,-0.20708965,1
987.5579,0.120496884,-0.11746684,1
988.5338,0.1376806,0.014623354,1
989.50964,0.12535365,-0.088967174,1
990.4855,0.10814455,-0.08867703,1
991.4613,0.09591392,-0.011303202,1
992.4372,0.10439321,-0.22805855,1
993.413,0.020204578,-0.1666878,1
994.38885,0.04905481,0.139184,1
995.36475,0.06641276,0.0773895,1
996.3406,0.074748576,-0.05209949,1
997.3164,0.049116347,-0.17136684,1
998.29224,0.017856797,-0.058649883,1
999.2681,0.029647361,0.019589107,1
1000.24396,0.02436142,0.044894863,1
1001.2198,0.04455193,0.1099473,1
1002.1957,0.060863536,0.0066953492,1
1003.1715,0.046776675,-0.07421123,1
1004.14734,0.03622628,0.0651965,1
1005.1232,0.0684245,0.03161898,1
1006.09906,0.046727106,0.05181457,1
1007.0749,0.08562633,0.14813027,1
1008.0507,0.09590462,0.05746202,1
1009.0266,0.10470355,0.044231016,1
1010.00244,0.11058942,-0.09122766,1
1010.9783,0.07441704,0.06647117,1
1011.95416,0.13266368,0.19837837,1
1012.93,0.14028154,-0.040667865,1
1013.9058,0.11916243,-0.015977489,1
1014.88165,0.1349772,0.17842667,1
1015.85754,0.17840159,0.16069101,1
1016.8334,0.1883285,0.06417433,1
1017.8092,0.19970672,-0.070119664,1
1018.7851,0.16504599,0.05583473,1
1019.7609,0.21823826,0.18261585,1
1020.73676,0.2256723,0.07903252,1
1021.7126,0.24447614,0.19686946,1
1022.6885,0.29103446,0.124706365,1
1023.6643,0.2858817,0.05367387,1
1024.6401,0.30885357,0.12278741,1
1025.616,0.32664567,0.06823798,1
1026.5918,0.33150777,0.25023362,1
1027.5677,0.4097347,-0.06315923,1
1028.5436,0.3105605,-0.3511717,1
1029.5194,0.2931498,-0.046161074,1
1030.4952,0.29523557,-0.07791335,1
1031.4711,0.2672835,-0.022090664,1
1032.4469,0.28790173,-0.03955905,1
1033.4227,0.25415036,-0.06724671,1
1034.3987,0.2655809,0.067389585,1
1035.3745,0.27652436,-0.013243816,1
1036.3503,0.2611841,-0.1789533,1
1037.3262,0.21711396,-0.16061905,1
1038.302,0.20786045,-0.016616264,1
1039.2778,0.21159755,-0.20630266,1
1040.2537,0.1393704,-0.01971133,1
1041.2296,0.20507047,0.13977961,1
1042.2054,0.18578911,-0.14716735,1
1043.1813,0.15621263,-0.16910048,1
1044.1571,0.12964973,0.047900844,1
1045.1329,0.17211515,0.07321434,1
1046.1088,0.15395604,0.14368524,1
1047.0846,0.21981695,0.16539498,1
1048.0605,0.20885906,-0.057788942,1
1049.0364,0.20063014,0.042597964,1
1050.0122,0.22300108,-0.023942035,1
1050.988,0.19268167,0.03198393,1
1051.9639,0.23361938,0.13695356,1
1052.9397,0.23814864,0.07319655,1
1053.9156,0.25792322,-0.0333938,1
1054.8915,0.22706792,-0.021662565,1
1055.8673,0.2507315,0.2778617,1
1056.8431,0.31931475,0.11463856,1
1057.819,0.28879017,-0.028252762,1
1058.7948,0.30993515,0.01428406,1
1059.7706,0.29353228,-0.056239747,1
1060.7466,0.29126483,-0.10758645,1
1061.7224,0.2578165,-0.120270066,1
1062.6982,0.25133657,-0.10347006,1
1063.6741,0.22346564,0.010565199,1
1064.6499,0.2548441,0.054602116,1
1065.6257,0.2415929,-0.092503265,1
1066.6016,0.2241341,-0.12545088,1
1067.5775,0.19994125,-0.11665111,1
1068.5533,0.18540367,-0.020287165,1
1069.5292,0.19320615,0.041677076,1
1070.505,0.19923998,-0.023206856,1
1071.4808,0.18550174,-0.043366347,1
1072.4567,0.18484287,-0.0031198557,1
1073.4325,0.18446599,-0.16368884,1
1074.4084,0.13049,-0.20568603,1
1075.3843,0.11617141,-0.0024618523,1
1076.3601,0.12967269,-0.16402572,1
1077.3359,0.06171679,-0.1555841,1
1078.3118,0.0780206,0.12163075,1
1079.2876,0.10209677,0.12630165,1
1080.2634,0.11995126,0.026373468,1
1081.2394,0.11084964,-0.20083886,1
1082.2152,0.053277,-0.019753246,1
1083.191,0.1042918,0.09044216,1
1084.1669,0.08330274,-0.069570355,1
1085.1427,0.08119526,0.013889643,1
1086.1185,0.08791393,0.08575013,1
1087.0944,0.10966329,0.1615057,1
1088.0703,0.14153655,0.014351161,1
1089.0461,0.11443538,0.12035066,1
1090.022,0.18149155,0.06153737,1
1090.9978,0.13486506,-0.08474094,1
1091.9736,0.15335856,0.10818304,1
1092.9495,0.17078057,-0.06150141,1
1093.9253,0.13294081,-0.12525828,1
1094.9012,0.12919796,0.27136853,1
1095.8771,0.22302541,-0.08535114,1
1096.8529,0.100862384,-0.19691743,1
1097.8287,0.15765114,0.27335304,1
1098.8046,0.19161238,-0.04519976,1
1099.7804,0.14264534,-0.06631298,1
1100.7562,0.16959725,0.106135495,1
1101.7322,0.17788096,0.03266874,1
1102.708,0.18044427,0.12525329,1
1103.6838,0.21946357,0.08748539,1
1104.6597,0.20948839,-0.03549842,1
1105.6355,0.20767851,-0.023649015,1
1106.6113,0.2016372,-0.068127744,1
1107.5872,0.1850609,-0.18835361,1
1108.5631,0.13909844,-0.05225248,1
1109.539,0.16770327,0.103472516,1
1110.5148,0.1734501,0.009307401,1
1111.4906,0.17079322,-0.10600309,1
1112.4664,0.13825831,-0.013441528,1
1113.4423,0.16633078,-0.05777902,1
1114.4181,0.11907635,-0.17947063,1
1115.394,0.10674929,-0.09355728,1
1116.3699,0.08801528,0.0848636,1
1117.3457,0.13492301,0.038565457,1
1118.3215,0.10081856,-0.1382152,1
1119.2974,0.08903719,0.06627786,1
1120.2732,0.12282204,0.078457296,1
1121.2491,0.11508053,-0.04497053,1
1122.225,0.107891336,-0.09119562,1
1123.2008,0.084804654,0.0646447,1
1124.1766,0.12935261,0.13042374,1
1125.1525,0.12810381,-0.23829758,1
1126.1283,0.050240617,-0.03644949,1
1127.1041,0.116003,0.035159685,1
1128.0801,0.061898958,-0.14092992,1
1129.0559,0.06920531,0.09399232,1
1130.0317,0.093103305,0.032765143,1
1131.0076,0.08008295,-0.015018034,1
1131.9834,0.088117495,-0.18267423,1
1132.9592,0.019437248,-0.11453636,1
1133.935,0.050092764,0.14075828,1
1134.911,0.06616844,0.09255691,1
1135.8868,0.08082267,-0.07249466,1
1136.8627,0.042101063,-0.2048115,1
1137.8385,0.012827657,-0.09321903,1
1138.8143,0.011153438,0.13741241,1
1139.7902,0.058446966,0.09026148,1
1140.766,0.04111919,0.042896364,1
1141.742,0.07269507,0.08615049,1
1142.7178,0.06972625,0.14244471,1
1143.6936,0.119985044,0.19042407,1
1144.6694,0.1329448,-0.052434426,1
1145.6453,0.102577426,-0.02381633,1
1146.6211,0.12503807,0.006407355,1
1147.5969,0.104704596,0.027457971,1
1148.5729,0.13416061,-0.0061895386,1
1149.5487,0.10265723,-0.19203435,1
1150.5245,0.070407465,-0.14029945,1
1151.5004,0.05607946,0.045164216,1
1152.4762,0.08540145,0.19520985,1
1153.452,0.12088684,0.13739954,1
1154.4279,0.13101648,0.015637165,1
1155.4038,0.12607664,-0.059666615,1
1156.3796,0.11120786,-0.04344339,1
1157.3555,0.11165395,0.0944997,1
1158.3313,0.14258066,0.044365462,1
1159.3071,0.12638277,-0.044945765,1
1160.283,0.12765919,-0.18174231,1
1161.2588,0.06604645,-0.020421784,1
1162.2347,0.12089355,0.22184262,1
1163.2106,0.1397047,0.00344658,1
1164.1864,0.12203778,0.101546116,1
1165.1622,0.17341682,0.019598808,1
1166.1381,0.12854436,-0.24757917,1
1167.1139,0.09122344,-0.15382206,1
1168.0897,0.07747723,0.19433399,1
1169.0657,0.1557556,0.33134708,1
1170.0415,0.18749326,-0.09613698,1
1171.0173,0.12383925,-0.34432054,1
1171.9932,0.07318289,-0.2333087,1
1172.969,0.046383496,-0.008383687,1
1173.9448,0.070399605,-0.011159967,1
1174.9207,0.042678516,0.09793419,1
1175.8966,0.10292565,0.122505926,1
1176.8724,0.08336157,0.092262864,1
1177.8483,0.13355584,0.0391181,1
1178.8241,0.09634832,-0.037269857,1
1179.7999,0.12118268,0.10109371,1
1180.7758,0.12991025,0.14382267,1
1181.7516,0.16893013,0.07179917,1
1182.7275,0.15374145,-0.13917863,1
1183.7034,0.12272353,-0.08550292,1
1184.6792,0.12535548,0.013951401,1
1185.655,0.12735523,0.0008632491,1
1186.6309,0.12564208,-0.03832839,1
1187.6067,0.11463066,-0.069913894,1
1188.5826,0.10242989,-0.04413954,1
1189.5585,0.09997471,0.06113172,1
1190.5343,0.122724906,0.13225976,1
1191.5101,0.14388339,0.10472991,1
1192.486,0.15749401,0.10005206,1
1193.4618,0.17709951,-0.033709466,1
1194.4376,0.14630286,-0.041025992,1
1195.4136,0.16348453,-0.11036773,1
1196.3894,0.109668665,-0.07869171,1
1197.3652,0.13735981,0.07371808,1
1198.3411,0.1341422,-0.13523589,1
1199.3169,0.092463076,0.04571642,1
1200.2927,0.14931951,0.096961394,1
1201.2686,0.12465313,-0.13298583,1
1202.2445,0.10516767,0.03406963,1
1203.2203,0.13595825,0.021018118,1
1204.1962,0.11214544,0.076355614,1
1205.172,0.16130742,-0.06516204,1
1206.1478,0.09051241,-0.28180918,1
1207.1237,0.06775008,-0.023329627,1
1208.0995,0.08276725,0.24853432,1
1209.0754,0.1502723,0.10065608,1
1210.0513,0.116198674,-0.11781559,1
1211.0271,0.11115889,-0.2622615,1
1212.0029,0.02913093,-0.19828571,1
1212.9788,0.045330364,0.0012274769,1
1213.9546,0.02953844,0.029006412,1
1214.9304,0.054960154,-0.020684155,1
1215.9064,0.022663897,-0.049320154,1
1216.8822,0.038579382,0.026074683,1
1217.858,0.031320386,-0.015385974,1
1218.8339,0.033471417,0.009428224,1
1219.8097,0.034450445,0.17459247,1
1220.7855,0.09143407,-0.011994806,1
1221.7614,0.030468311,0.034291606,1
1222.7373,0.10283588,0.16152239,1
1223.7131,0.084106594,-0.19153334,1
1224.689,0.039249055,-0.065379895,1
1225.6648,0.062401235,0.082570314,1
1226.6406,0.06666143,-0.02783201,1
1227.6165,0.053161338,-0.113723494,1
1228.5923,0.028906563,-0.028433163,1
1229.5682,0.043726165,0.013833399,1
1230.5441,0.033502508,-0.08190903,1
1231.5199,0.016533326,-0.10091473,1
1232.4957,0.0,-0.024227105,1
1233.4716,0.008490212,0.12182205,1
1234.4474,0.040443495,0.13044085,1
1235.4232,0.051795043,0.17459346,1
1236.3992,0.09841452,-0.1370112,1
1237.375,0.006323434,-0.2016306,1
1238.3508,0.031475525,0.104217544,1
1239.3267,0.040922437,0.012181683,1
1240.3025,0.0355197,0.028642744,1
1241.2783,0.050431494,-0.093922235,1
1242.2542,0.0043386198,-0.04678845,1
1243.2301,0.034906898,-0.0015931062,1
1244.2059,0.0038174065,-0.056058716,1
1245.1818,0.016296063,0.020211896,1
1246.1576,0.010527519,0.11774602,1
1247.1334,0.05538636,-0.031710513,1
1248.1093,0.0,-0.090853795,1
1249.0851,0.025223965,0.15909198,1
1250.061,0.052820273,-0.04502815,1
1251.0369,0.010282986,-0.14361517,1
1252.0127,0.005141722,0.12071828,1
1252.9885,0.05036004,0.05379121,1
1253.9644,0.022999773,-0.09941417,1
1254.9402,0.0173557,-0.053745657,1
1255.9161,0.0051549077,0.043142524,1
1256.892,0.03167456,0.13448852,1
1257.8678,0.04980352,-0.037276033,1
1258.8436,0.019299354,-0.14818469,1
1259.8195,0.00060794345,0.07136509,1
1260.7953,0.042991728,0.024366008,1
1261.7711,0.008697173,-0.12949929,1
1262.7471,0.0,0.08408156,1
1263.7229,0.03660734,0.08978877,1
1264.6987,0.02980882,0.057639588,1
1265.6746,0.05574301,0.03287185,1
1266.6504,0.04072189,1.1420783e-05,1
1267.6262,0.055746797,0.02745115,1
1268.602,0.049835347,-0.046626996,1
1269.578,0.04026576,0.096588835,1
1270.5538,0.0818973,0.042244744,1
1271.5297,0.054290522,-0.056148358,1
1272.5055,0.0632567,-0.04097708,1
1273.4813,0.04068661,-0.009753403,1
1274.4572,0.060018692,0.12123174,1
1275.433,0.08093413,-0.04299627,1
1276.4089,0.04573653,0.12654477,1
1277.3848,0.12293407,0.2635841,1
1278.3606,0.13324337,-0.005213987,1
1279.3364,0.12120309,-0.04956228,1
1280.3123,0.116789274,0.014134418,1
1281.2881,0.12589554,-0.15594071,1
1282.2639,0.06501879,-0.18946663,1
1283.2399,0.062998265,-0.0038284042,1
1284.2157,0.063747376,0.110489324,1
1285.1915,0.09967942,-0.0885285,1
1286.1674,0.034356955,-0.06650452,1
1287.1432,0.077600695,0.093972966,1
1288.119,0.06555487,0.009037114,1
1289.0948,0.08060092,-0.0746223,1
1290.0708,0.040772736,-0.06050999,1
1291.0466,0.0605036,0.08362882,1
1292.0225,0.06853652,0.08198343,1
1292.9983,0.08772113,0.013735337,1
1293.9741,0.07309649,-0.075460106,1
1294.95,0.06266926,-0.20440015,1
1295.9258,0.005238039,-0.18877737,1
1296.9017,0.0,0.046283122,1
1297.8776,0.02060122,0.15598838,1
1298.8534,0.051786315,-0.062054057,1
1299.8292,0.0,-0.10282656,1
1300.805,0.017649105,0.20951395,1
1301.7809,0.06955618,0.3052254,1
1302.7567,0.11898036,0.026424363,1
1303.7327,0.07831804,0.101612665,1
1304.7085,0.15270229,0.24750096,1
1305.6843,0.16048545,-0.018079001,1
1306.6602,0.14670028,0.016488982,1
1307.636,0.1659596,-0.0051812907,1
1308.6118,0.14498015,0.032823395,1
1309.5876,0.17685658,0.19184923,1
1310.5636,0.20867582,-0.030696262,1
1311.5394,0.16667436,-0.25988603,1
1312.5153,0.1223967,-0.093194336,1
1313.4911,0.13573493,-0.049883723,1
1314.4669,0.105835885,-0.14007245,1
1315.4427,0.08923253,-0.010579893,1
1316.4186,0.10232348,-0.0038007665,1
1317.3945,0.0879672,0.018098865,1
1318.3704,0.10832812,0.036749605,1
1319.3462,0.10016764,0.085876845,1
1320.322,0.13683823,0.16880581,1
1321.2979,0.15620919,-0.10527338,1
1322.2737,0.101888694,-0.1083688,1
1323.2496,0.12023886,0.17034517,1
1324.2255,0.15844233,0.10312577,1
1325.2013,0.1544754,-0.051972467,1
1326.1771,0.14118809,-0.058576155,1
1327.153,0.13502881,-0.11794833,1
1328.1288,0.10203063,-0.13406563,1
1329.1046,0.0905206,0.15591078,1
1330.0806,0.15380377,0.095806375,1
1331.0564,0.12234103,-0.036288526,1
1332.0322,0.1417564,0.08991382,1
1333.008,0.15219137,0.030961601,1
1333.9839,0.15203528,-0.15746264,1
1334.9597,0.099915616,-0.06460962,1
1335.9355,0.13058566,0.1336356,1
1336.9115,0.14428173,0.057066422,1
1337.8873,0.14953326,-0.16609916,1
1338.8632,0.08913876,-0.034042124,1
1339.839,0.13823166,0.15073907,1
1340.8148,0.13918236,-0.13539885,1
1341.7906,0.093280844,-0.20944826,1
1342.7665,0.06964799,-0.049190637,1
1343.7424,0.07695299,0.003091999,1
1344.7183,0.07067626,-0.05859393,1
1345.6941,0.05750049,0.11112529,1
1346.6699,0.107568555,0.09406443,1
1347.6458,0.08872877,0.12703454,1
1348.6216,0.14974253,0.19554485,1
1349.5974,0.15364738,-0.05106897,1
1350.5734,0.13278408,0.0042764316,1
1351.5492,0.15506178,0.09181022,1
1352.525,0.163264,-0.04840511,1
1353.5009,0.13899185,-0.007636354,1
1354.4767,0.16072883,0.034863677,1
1355.4525,0.15056618,0.033561423,1
1356.4283,0.17187083,0.08304282,1
1357.4043,0.17813528,-0.16551124,1
1358.3801,0.11692803,-0.062487606,1
1359.356,0.15739012,0.061448347,1
1360.3318,0.13732816,-0.05812861,1
1361.3076,0.1380921,-0.030952621,1
1362.2834,0.12705226,0.047738127,1
1363.2593,0.1539406,-0.054721385,1
1364.2352,0.10887528,-0.259575,1
1365.211,0.06775884,-0.12810732,1
1366.1869,0.06634515,0.021934584,1
1367.1627,0.07504086,-0.05000698,1
1368.1385,0.04974342,-0.067404345,1
1369.1144,0.052663412,0.07608309,1
1370.0902,0.07500211,-0.00028672407,1
1371.0662,0.052562617,-0.20248696,1
1372.042,0.007777409,-0.060015526,1
1373.0178,0.032638166,0.01858073,1
1373.9937,0.013945993,0.013139857,1
1374.9695,0.037000448,-0.042007487,1
1375.9453,0.0,0.05618159,1
1376.9211,0.055652075,0.047622822,1
1377.8971,0.015799262,-0.14180544,1
1378.8729,0.008567305,-0.0070077316,1
1379.8488,0.013472777,0.15372334,1
1380.8246,0.059601653,0.0651146,1
1381.8004,0.03509006,-0.1474134,1
1382.7762,0.010662133,0.00675818,1
1383.7521,0.037333697,0.017278062,1
1384.728,0.01639265,-0.09112066,1
1385.7039,0.00707936,0.048966825,1
1386.6797,0.032649063,0.0049494915,1
1387.6555,0.0087225335,-0.0016454359,1
1388.6313,0.032102797,0.082076766,1
1389.6072,0.035971057,0.0404547,1
1390.5831,0.04553484,-0.099632084,1
1391.559,0.0028988342,-0.049631543,1
1392.5348,0.029057752,0.0079290755,1
1393.5106,0.005531194,0.055104878,1
1394.4865,0.047351927,0.17873837,1
1395.4623,0.06487023,0.051333867,1
1396.4381,0.06439417,0.046568215,1
1397.4141,0.08033335,-0.04498434,1
1398.3899,0.04946481,-0.13147496,1
1399.3657,0.03668521,0.10099282,1
1400.3416,0.08299325,0.22024357,1
1401.3174,0.10980349,0.07506562,1
1402.2932,0.10791415,-0.0007627506,1
1403.269,0.10955027,-0.17203714,1
1404.245,0.05078872,-0.05129629,1
1405.2208,0.092506856,0.24956012,1
1406.1967,0.13363975,0.11347721,1
1407.1725,0.13017996,-0.010292414,1
1408.1483,0.1302228,0.06864287,1
1409.1241,0.15296859,0.1460668,1
1410.1,0.17871526,-0.036563195,1
1411.0759,0.14082132,-0.1372317,1
1412.0518,0.13314931,0.028108967,1
1413.0276,0.15015317,0.04957798,1
1414.0034,0.14960863,-0.1837557,1
1414.9792,0.08914843,-0.25317717,1
1415.9551,0.06555677,0.046411436,1
1416.9309,0.104556486,0.037716176,1
1417.9069,0.0780707,-0.043735992,1
1418.8827,0.09003093,0.04863508,1
1419.8585,0.09421698,-0.049200494,1
1420.8344,0.07369694,-0.17378843,1
1421.8102,0.03652126,-0.11341755,1
1422.786,0.036043644,-0.07591846,1
1423.7618,0.0113172205,-0.10856729,1
1424.7378,0.0,0.06652007,1
1425.7136,0.033396892,0.10089217,1
1426.6895,0.033495016,0.075604826,1
1427.6653,0.058496807,-0.10089217,1
1428.6411,0.0,-0.015621989,1
1429.617,0.05331049,0.0,1
1430.5928,0.0,-0.15931724,1
1431.5687,0.0004224535,0.023217993,1
1432.5446,0.0077077243,0.18388444,1
1433.5204,0.06146993,0.015924806,1
1434.4962,0.0129945725,-0.14225885,1
1435.472,0.014241658,0.035586875,1
1436.4479,0.024808997,-0.008115879,1
1437.4237,0.011547281,0.053582005,1
1438.3997,0.042604253,-0.034807775,1
1439.3755,0.0,-0.1283306,1
1440.3513,0.0,0.14411953,1
1441.3271,0.047845993,0.08789112,1
1442.303,0.02917882,-0.07520423,1
1443.2788,0.022879072,0.019344278,1
1444.2546,0.035600893,0.15387842,1
1445.2306,0.07397131,-0.024620904,1
1446.2064,0.02743715,-0.14821252,1
1447.1823,0.024766486,0.06277609,1
1448.1581,0.048278075,0.07434985,1
1449.1339,0.049449764,0.072868526,1
1450.1097,0.07246957,0.12325603,1
1451.0856,0.09036932,-0.050278746,1
1452.0615,0.05577001,0.055591293,1
1453.0374,0.10881516,0.14060265,1
1454.0132,0.10244844,-0.08758365,1
1454.989,0.079738416,-0.16797784,1
1455.9648,0.04668177,0.08263054,1
1456.9407,0.10717078,-0.023050897,1
1457.9166,0.039012574,-0.08542923,1
1458.8925,0.078793995,0.19450982,1
1459.8683,0.10358755,0.041327424,1
1460.8441,0.09251421,-0.062319282,1
1461.82,0.08289828,-0.06535257,1
1462.7958,0.070817925,-0.044348095,1
1463.7716,0.068175234,0.006394697,1
1464.7476,0.07294195,-0.12969203,1
1465.7234,0.025122887,-0.05441886,1
1466.6992,0.054875527,-0.011548908,1
1467.675,0.021288784,-0.062465847,1
1468.6509,0.0341376,0.08604304,1
1469.6267,0.049854062,-0.044235896,1
1470.6025,0.0194518,0.036287136,1
1471.5785,0.06191083,0.0271493,1
1472.5543,0.028475106,-0.1756288,1
1473.5302,0.00360413,0.0740315,1
1474.506,0.053052697,-0.010856196,1
1475.4818,0.0,-0.07326684,1
1476.4576,0.028728966,0.009571306,1
1477.4335,0.0031775616,0.064169124,1
1478.4094,0.050042756,0.025044177,1
1479.3853,0.011503137,-0.07646112,1
1480.3611,0.024658563,0.0923031,1
1481.3369,0.042146683,-0.074275404,1
1482.3127,0.0,-0.06688295,1
1483.2886,0.019942328,0.1769934,1
1484.2644,0.05875973,0.020307396,1
1485.2404,0.0266757,-0.061609156,1
1486.2162,0.038299464,0.013341972,1
1487.192,0.031105079,-0.030310122,1
1488.1678,0.028236857,0.084044,1
1489.1437,0.0590067,0.0068108165,1
1490.1195,0.03049797,-0.037230965,1
1491.0953,0.046646457,0.06058282,1
1492.0713,0.05061049,0.09692728,1
1493.0471,0.078824155,0.34366453,1
1494.023,0.16470309,0.16616888,1
1494.9988,0.13399027,0.080592185,1
1495.9746,0.19145875,0.2297725,1
1496.9504,0.21027204,0.10216715,1
1497.9263,0.22537704,0.048132412,1
1498.9022,0.22625068,0.057895247,1
1499.878,0.24459659,0.16019721,1
1500.8539,0.27943426,-0.048774168,1
1501.8297,0.22840413,0.056831304,1
1502.8055,0.2983016,0.07686785,1
1503.7814,0.25392336,0.17926131,1
1504.7572,0.35781425,0.32550174,1
1505.7332,0.3619804,0.08816625,1
1506.709,0.3870836,0.097264335,1
1507.6848,0.39427102,0.13007805,1
1508.6606,0.430268,-0.04210548,1
1509.6365,0.38029248,-0.47013128,1
1510.6123,0.27418992,-0.21462987,1
1511.5881,0.3090379,-0.072656155,1
1512.5641,0.2500557,-0.24517646,1
1513.5399,0.2276325,-0.07553454,1
1514.5157,0.22497912,-0.13276859,1
1515.4916,0.18355489,-0.101560876,1
1516.4674,0.1912621,-0.1779365,1
1517.4432,0.12448204,-0.26751292,1
1518.4191,0.102450944,-0.11412512,1
1519.395,0.08659224,0.019088585,1
1520.3708,0.10878376,0.06742675,1
1521.3467,0.10897713,0.07986143,1
1522.3225,0.13529682,-0.027946688,1
1523.2983,0.09969916,0.030686364,1
1524.2742,0.14548433,0.14339341,1
1525.25,0.14730409,0.029670341,1
1526.226,0.15533593,-0.093543574,1
1527.2018,0.11625266,-0.058450058,1
1528.1776,0.1359312,0.25623757,1
1529.1534,0.20132053,0.12223589,1
1530.1293,0.17651208,0.1521776,1
1531.1051,0.2518417,0.40277845,1
1532.081,0.31023607,0.19849588,1
1533.0569,0.31775048,0.23407055,1
1534.0327,0.38794476,0.3343202,1
1535.0085,0.42874086,0.24444444,1
1535.9844,0.46909744,0.120613456,1
1536.9602,0.4687831,0.20359513,1
1537.936,0.5366886,0.27793354,1
1538.912,0.56105417,0.14547332,1
1539.8878,0.5849871,0.18969546,1
1540.8636,0.6240308,0.31313714,1
1541.8395,0.68894494,0.29357022,1
1542.8153,0.7214927,0.18037978,1
1543.7911,0.74882895,0.24268176,1
1544.767,0.8020602,0.3555889,1
1545.7429,0.8668892,0.33954263,1
1546.7188,0.91479343,0.112278186,1
1547.6946,0.9041642,-0.005335159,1
1548.6704,0.9130222,0.13666852,1
1549.6462,0.94953656,0.23840655,1
1550.6221,0.99217045,0.039528742,1
1551.5979,0.96265966,0.01265287,1
1552.5739,0.9963793,0.08677816,1
1553.5497,0.9914755,-0.0703359,1
1554.5255,0.9730286,-0.112249285,1
1555.5013,0.95421004,-0.09329433,1
1556.4772,0.942056,-0.17425676,1
1557.453,0.89635885,-0.19940184,1
1558.4288,0.8758569,-0.04917765,1
1559.4048,0.88003457,-0.05859232,1
1560.3806,0.8564071,-0.11561047,1
1561.3564,0.8416533,-0.12073049,1
1562.3323,0.81632596,-0.17320047,1
1563.3081,0.78415275,-0.17721464,1
1564.2839,0.7574928,-0.17955092,1
1565.2598,0.7245439,-0.12034575,1
1566.2357,0.7175402,-0.010351456,1
1567.2115,0.72110575,0.0024622465,1
1568.1874,0.7183576,-0.08246861,1
1569.1632,0.69372714,-0.18458998,1
1570.139,0.6570759,0.006522658,1
1571.1149,0.6958926,-0.053732824,1
1572.0907,0.6392372,-0.15463728,1
1573.0667,0.64455944,-0.1798505,1
1574.0425,0.579534,-0.11768956,1
1575.0183,0.6054879,0.13638487,1
1575.9941,0.6248122,-0.16653346,1
1576.97,0.5502007,-0.16488098,1
1577.9458,0.5700736,0.045695573,1
1578.9216,0.5653711,-0.22179472,1
1579.8976,0.49642769,-0.5521001,1
1580.8734,0.3820745,-0.5359274,1
1581.8492,0.31850606,-0.17496736,1
1582.8251,0.3239874,-0.039785847,1
1583.8009,0.3052976,-0.10858876,1
1584.7767,0.28793722,-0.13008454,1
1585.7526,0.2621111,-0.0805288,1
1586.7285,0.26120406,-0.06594967,1
1587.7043,0.2402177,0.006277204,1
1588.6802,0.26328802,-0.07992507,1
1589.656,0.21368352,-0.15646039,1
1590.6318,0.21134502,-0.05454369,1
1591.6077,0.19557565,-0.037213884,1
1592.5835,0.19899045,0.01616942,1
1593.5594,0.20094389,0.06946135,1
1594.5353,0.22204985,0.13036954,1
1595.5111,0.24422504,-0.0062821973,1
1596.4869,0.21996422,0.041129798,1
1597.4628,0.25787964,0.049607676,1
1598.4386,0.23643339,-0.16797373,1
1599.4146,0.20210926,-0.009541818,1
1600.3904,0.23325722,0.21140292,1
1601.3662,0.27229255,0.15396744,1
1602.342,0.2843726,-0.115689486,1
1603.3179,0.23388499,-0.18407184,1
1604.2937,0.2232629,0.012932707,1
1605.2695,0.2381785,0.13051023,1
1606.2455,0.26659518,-0.063207276,1
1607.2213,0.21720283,-0.15912977,1
1608.1971,0.21376596,0.009537963,1
1609.173,0.22036932,0.17432162,1
1610.1488,0.2716387,0.1282279,1
1611.1246,0.26293948,0.09140411,1
1612.1005,0.30198377,-0.0027482586,1
1613.0764,0.26201716,-0.24112833,1
1614.0522,0.221927,-0.043511454,1
1615.0281,0.24757187,0.049922377,1
1616.0039,0.23850064,-0.09561961,1
1616.9797,0.21582727,-0.006209008,1
1617.9556,0.23643932,-0.07469744,1
1618.9314,0.1910286,-0.175949,1
1619.9073,0.17802674,-0.17162457,1
1620.8832,0.13405156,0.0384334,1
1621.859,0.19078618,0.17691833,1
1622.8348,0.19278637,-0.06678813,1
1623.8107,0.1686133,-0.1925135,1
1624.7865,0.12887414,-0.004169429,1
1625.7623,0.1672291,-0.002485548,1
1626.7383,0.12803921,-0.19932845,1
1627.7141,0.10104872,0.02874669,1
1628.69,0.13758278,-0.03743426,1
1629.6658,0.08862099,0.005971438,1
1630.6416,0.13956523,0.11093003,1
1631.6174,0.12544847,-0.10811943,1
1632.5933,0.10367084,0.076993555,1
1633.5692,0.15101966,0.12488684,1
1634.545,0.14514105,-0.080470204,1
1635.5209,0.1243045,-0.012589448,1
1636.4967,0.1409615,0.15885335,1
1637.4725,0.17704195,0.17068672,1
1638.4484,0.19762748,-0.18120793,1
1639.4242,0.11688305,-0.1129086,1
1640.4001,0.16015632,0.28105488,1
1641.376,0.21019496,0.04115958,1
1642.3518,0.17382082,-0.2456372,1
1643.3276,0.12864628,-0.014753506,1
1644.3035,0.16892284,0.20208365,1
1645.2793,0.1957357,0.015932813,1
1646.2551,0.17421235,0.034411356,1
1647.2311,0.2071674,0.16545352,1
1648.2069,0.22914577,0.064498976,1
1649.1827,0.22858031,-0.056762714,1
1650.1586,0.2103012,-0.06310737,1
1651.1344,0.2076294,-0.09320091,1
1652.1102,0.1793596,0.07772711,1
1653.086,0.23343389,-0.060355302,1
1654.062,0.15930507,-0.2104861,1
1655.0378,0.1635408,0.034970198,1
1656.0137,0.17091477,0.023571227,1
1656.9895,0.17136617,-0.13804229,1
1657.9653,0.12508634,-0.12735516,1
1658.9412,0.12908575,-0.005416758,1
1659.917,0.12328805,-0.08811144,1
1660.893,0.099829756,0.0060004774,1
1661.8688,0.12527414,-0.093463875,1
1662.8446,0.068800844,-0.17466639,1
1663.8204,0.067286946,0.057608467,1
1664.7963,0.08792618,0.05306039,1
1665.7721,0.084902376,-0.097733915,1
1666.748,0.055474337,0.05294294,1
1667.7239,0.102470346,-0.0857752,1
1668.6997,0.026997976,-0.09932902,1
1669.6755,0.06949428,0.027323654,1
1670.6514,0.03606911,0.018893326,1
1671.6272,0.075766645,0.026815144,1
1672.603,0.04497142,-0.14429687,1
1673.579,0.0278605,-0.024487648,1
1674.5548,0.036838032,0.09420457,1
1675.5306,0.05913531,0.061414357,1
1676.5065,0.05722688,-0.034710795,1
1677.4823,0.047611736,0.037313942,1
1678.4581,0.06961467,-0.00814073,1
1679.434,0.04490911,-0.056986816,1
1680.4099,0.05069835,-0.03359366,1
1681.3857,0.03375855,-0.10414428,1
1682.3616,0.016123673,0.10827999,1
1683.3374,0.06970624,0.03728383,1
1684.3132,0.028501468,-0.12667355,1
1685.2891,0.027652103,0.068976566,1
1686.2649,0.051400878,0.0108561,1
1687.2408,0.03125094,-0.07455374,1
1688.2167,0.026646415,0.039366674,1
1689.1925,0.04432021,-0.037514355,1
1690.1683,0.014192089,-0.13055024,1
1691.1442,0.000979063,-0.042748768,1
1692.12,0.0,0.07593312,1
1693.0958,0.026187971,0.05072843,1
1694.0718,0.016837852,-0.051891997,1
1695.0476,0.008959172,0.03216923,1
1696.0234,0.02751766,0.10904564,1
1696.9993,0.045161046,-0.08288745,1
1697.9751,0.0,-0.13603204,1
1698.9509,0.0,0.076675445,1
1699.9268,0.02545535,0.07784735,1
1700.9027,0.025842888,0.096930265,1
1701.8785,0.057633143,-0.0045902184,1
1702.8544,0.02431899,-0.05650181,1
1703.8302,0.038875204,-0.007856026,1
1704.806,0.021710882,-0.048562977,1
1705.7819,0.022752864,0.07189242,1
1706.7577,0.04557832,0.09296894,1
1707.7336,0.053617544,0.077346556,1
1708.7095,0.07125687,0.10048606,1
1709.6853,0.08697774,-0.03328069,1
1710.6611,0.06020807,-0.04007672,1
1711.637,0.07367274,0.065329246,1
1712.6128,0.08189661,-0.04112414,1
1713.5886,0.060020007,-0.019609014,1
1714.5646,0.075390905,0.09786692,1
1715.5404,0.09251249,0.21724287,1
1716.5162,0.14751299,-0.027400441,1
1717.4921,0.083415866,-0.05598286,1
1718.4679,0.12892734,0.14268284,1
1719.4437,0.13078488,-0.054647624,1
1720.4196,0.11078496,-0.109164774,1
1721.3955,0.09454166,-0.016957661,1
1722.3713,0.105151504,0.04601176,1
1723.3472,0.10981703,0.10835465,1
1724.323,0.14112398,0.06374895,1
1725.2988,0.13098094,-0.029112814,1
1726.2747,0.13145886,-0.053255364,1
1727.2505,0.11330078,0.08190995,1
1728.2264,0.15866166,0.09304277,1
1729.2023,0.14419928,-0.14829104,1
1730.1781,0.109430775,-0.054336164,1
1731.1539,0.12616031,0.12515414,1
1732.1298,0.15098047,0.00887847,1
1733.1056,0.12910786,-0.043383557,1
1734.0815,0.13658042,-0.10980136,1
1735.0574,0.09265924,0.029567849,1
1736.0332,0.1463966,0.20362903,1
1737.009,0.16026169,-0.040492907,1
1737.9849,0.13295344,0.042704355,1
1738.9607,0.17443904,4.5420333e-05,1
1739.9365,0.13296852,-0.022316933,1
1740.9125,0.16703907,0.03067445,1
1741.8883,0.14315996,0.13827491,1
1742.8641,0.21294472,0.115185045,1
1743.84,0.18140003,-0.05466313,1
1744.8158,0.1947972,-0.15717371,1
1745.7916,0.1292202,-0.22389834,1
1746.7675,0.12046558,-0.1654177,1
1747.7434,0.074295364,-0.0016785376,1
1748.7192,0.1198968,0.21254918,1
1749.6951,0.1448592,0.10303489,1
1750.6709,0.15410317,0.090725824,1
1751.6467,0.1749791,-0.14956056,1
1752.6226,0.10445082,-0.27586406,1
1753.5984,0.083395466,-0.047400147,1
1754.5743,0.08871686,0.028233401,1
1755.5502,0.092769355,-0.03681719,1
1756.526,0.076493986,0.033205856,1
1757.5018,0.10379331,0.12079783,1
1758.4777,0.116597444,-0.08496167,1
1759.4535,0.075587034,-0.004925303,1
1760.4293,0.1149623,0.17031989,1
1761.4053,0.132132,0.05908894,1
1762.3811,0.13458219,0.06774182,1
1763.3569,0.15462148,0.07045,1
1764.3328,0.15797076,0.008111844,1
1765.3086,0.15731452,0.07389862,1
1766.2844,0.18250424,0.0583897,1
1767.2603,0.17669922,0.096149504,1
1768.2362,0.21443221,0.033918258,1
1769.212,0.1879684,-0.026487194,1
1770.1879,0.20563878,0.071280405,1
1771.1637,0.21163267,0.05243228,1
1772.1395,0.22304568,0.23124136,1
1773.1154,0.28840208,0.11909058,1
1774.0912,0.26258236,-0.09693032,1
1775.0671,0.25622275,-0.2088373,1
1776.043,0.19325356,-0.12359933,1
1777.0188,0.21518923,0.024528775,1
1777.9946,0.20139684,0.05693406,1
1778.9705,0.23409067,0.33584982,1
1779.9463,0.31289503,0.20650059,1
1780.9221,0.30264646,0.032673296,1
1781.8981,0.3237468,-0.09229105,1
1782.8739,0.2720141,-0.21061973,1
1783.8497,0.25382352,0.16572465,1
1784.8256,0.32703274,0.1396518,1
1785.8014,0.30018628,-0.13785706,1
1786.7772,0.28126583,-0.19170219,1
1787.753,0.2365434,-0.120588884,1
1788.729,0.2412354,0.083690576,1
1789.7048,0.2643271,-0.04639063,1
1790.6807,0.22583427,-0.10353248,1
1791.6565,0.22995554,0.0148754,1
1792.6323,0.23077272,-0.13362882,1
1793.6082,0.18559234,-0.13288505,1
1794.584,0.18665645,0.095732264,1
1795.5599,0.21738005,0.009681539,1
1796.5358,0.18987808,-0.012860918,1
1797.5116,0.21311037,-0.120786026,1
1798.4874,0.14977853,-0.21684045,1
1799.4633,0.14112188,0.108106524,1
1800.4391,0.18566863,0.02548396,1
1801.415,0.14957272,-0.16113706,1
1802.3909,0.13216732,-0.022157809,1
1803.3667,0.1422166,0.02554436,1
1804.3425,0.14064774,-0.025204474,1
1805.3184,0.133849,0.013657724,1
1806.2942,0.14518195,0.028234234,1
1807.27,0.14322244,-0.066390865,1
1808.246,0.12313733,-0.09381276,1
1809.2218,0.112074606,-0.052167814,1
1810.1976,0.10581823,-0.16161898,1
1811.1735,0.058419004,-0.07360803,1
1812.1493,0.081381224,0.09904368,1
1813.1251,0.091300346,0.005315756,1
1814.101,0.08314599,0.143432,1
1815.0769,0.13892907,0.010128866,1
1816.0527,0.08652239,-0.19411157,1
1817.0286,0.07448631,0.01046919,1
1818.0044,0.089998044,-0.024853704,1
1818.9802,0.06623517,-0.15202497,1
1819.956,0.03952754,-0.06994849,1
1820.9319,0.043013092,0.24323417,1
1821.9078,0.120292716,0.2115242,1
1822.8837,0.113251574,-0.12816757,1
1823.8595,0.077742584,-0.3321076,1
1824.8353,0.0029957527,-0.13668664,1
1825.8112,0.032364223,0.17467685,1
1826.787,0.060986415,0.018536007,1
1827.7628,0.03851796,-0.04322011,1
1828.7388,0.046640776,0.0045811576,1
1829.7146,0.040040787,0.12713508,1
1830.6904,0.08884814,-0.029343698,1
1831.6663,0.030299025,-0.1594796,1
1832.6421,0.035902776,-0.043216206,1
1833.6179,0.01595175,0.10941617,1
1834.5938,0.072227664,0.16409451,1
1835.5697,0.07042535,-0.05280543,1
1836.5455,0.054697517,0.054263588,1
1837.5214,0.088440225,0.05302905,1
1838.4972,0.07230254,-0.06253872,1
1839.473,0.0676781,-0.063062,1
1840.4489,0.051366698,0.014366491,1
1841.4247,0.072447605,-0.037458614,1
1842.4006,0.038923275,-0.09993686,1
1843.3765,0.039263427,0.18899427,1
1844.3523,0.10166716,0.07372069,1
1845.3281,0.06373783,-0.11031602,1
1846.304,0.06504353,0.03675887,1
1847.2798,0.07594135,-0.10452777,1
1848.2556,0.03034154,-0.074158706,1
1849.2316,0.05132832,0.00014626377,1
1850.2074,0.03039534,0.07172509,1
1851.1832,0.07514021,0.1831295,1
1852.159,0.091192186,-0.126896,1
1853.1349,0.033012226,-0.10432651,1
1854.1107,0.05655701,0.08820019,1
1855.0865,0.062293652,0.013080684,1
1856.0625,0.060899027,-0.016255891,1
1857.0383,0.05689687,0.024327198,1
1858.0142,0.06897537,-0.004508428,1
1858.99,0.055400122,-0.044181142,1
1859.9658,0.054307748,0.07362888,1
1860.9417,0.07984405,-0.045787178,1
1861.9175,0.039106943,-0.092671104,1
1862.8934,0.049082756,-0.040282104,1
1863.8693,0.025737086,0.00928928,1
1864.8451,0.05216669,0.19595468,1
1865.8209,0.09079174,-0.05268209,1
1866.7968,0.034676854,-0.10352469,1
1867.7726,0.05642276,-0.070818566,1
1868.7485,0.011156067,-0.13100332,1
1869.7244,0.012922594,0.14610155,1
1870.7002,0.05966007,0.14678937,1
1871.676,0.06165494,0.003711634,1
1872.6519,0.060892288,0.08912733,1
1873.6277,0.09124417,0.03441245,1
1874.6035,0.07231682,-0.08091116,1
1875.5795,0.064382315,-0.050947323,1
1876.5553,0.055401973,0.0059103593,1
1877.5311,0.066344485,-0.09705656,1
1878.507,0.023180334,-0.1634224,1
1879.4828,0.012090167,-0.06982275,1
1880.4586,0.0,0.08432154,1
1881.4344,0.04008393,0.12658758,1
1882.4104,0.042023454,0.011802345,1
1883.3862,0.04400241,-0.031198721,1
1884.362,0.031665843,0.07826264,1
1885.3379,0.06998469,0.12762396,1
1886.3137,0.0740355,0.2866006,1
1887.2896,0.16513273,0.19602884,1
1888.2654,0.13911478,-0.23347399,1
1889.2413,0.08761408,-0.12956603,1
1890.2172,0.09609017,0.12483829,1
1891.193,0.12905893,-0.16495967,1
1892.1688,0.041325495,-0.3307064,1
1893.1447,0.01926829,-0.11185568,1
1894.1205,0.004190723,-0.0001319741,1
1895.0963,0.019224476,0.026689291,1
1896.0723,0.013049156,-0.033800118,1
1897.0481,0.008002391,-0.039306074,1
1898.0239,0.0,0.12400969,1
1898.9998,0.04917215,0.14216776,1
1899.9756,0.047198027,0.17598929,1
1900.9514,0.10759853,0.08197377,1
1901.9272,0.07441236,-0.121946216,1
1902.9032,0.06711453,-0.015643539,1
1903.879,0.069217384,-0.019093294,1
1904.8549,0.06077578,0.1579516,1
1905.8307,0.121655464,0.08770824,1
1906.8065,0.089893885,-0.24788372,1
1907.7823,0.039360974,-0.16157956,1
1908.7582,0.036251366,-0.069470674,1
1909.7341,0.016293976,0.010976271,1
1910.71,0.039890137,0.19840331,1
1911.6858,0.082161546,-0.031032419,1
1912.6616,0.029587736,-0.04742437,1
1913.6375,0.06641722,0.0017602952,1
1914.6133,0.030172134,0.16131975,1
1915.5891,0.11997348,0.15372843,1
1916.5651,0.08119528,-0.010651331,1
1917.5409,0.11642788,-0.016428715,1
1918.5167,0.075741135,0.011314941,1
1919.4926,0.12018431,0.24933109,1
1920.4684,0.15851614,0.1573514,1
1921.4442,0.17242314,-0.0351302,1
1922.42,0.14685333,-0.08777438,1
1923.396,0.14328401,0.046256427,1
1924.3718,0.16220805,-0.081156015,1
1925.3477,0.116341166,-0.11628315,1
1926.3235,0.12360341,0.050342638,1
1927.2993,0.13305433,-0.06651585,1
1928.2751,0.101520926,-0.028946856,1
1929.251,0.12344431,0.056933492,1
1930.2269,0.12042025,-0.03301088,1
1931.2028,0.112485014,-0.13296098,1
1932.1786,0.07627876,-0.10020875,1
1933.1544,0.07921688,0.087033816,1
1934.1302,0.10517297,-0.071181364,1
1935.1061,0.055585504,-0.0535956,1
1936.082,0.08738893,0.053694192,1
1937.0579,0.073418185,-0.14244974,1
1938.0337,0.04009729,-0.040362537,1
1939.0095,0.060018294,-0.09391583,1
1939.9854,0.008918338,-0.05256912,1
1940.9612,0.042565964,-0.026863415,1
1941.937,0.0,-0.028404277,1
1942.913,0.033144962,0.35161686,1
1943.8888,0.11673366,-0.03362111,1
1944.8646,0.021983147,-0.32916847,1
1945.8405,0.007453596,-0.0016380885,1
1946.8163,0.021439321,0.03894871,1
1947.7921,0.020384112,0.022087071,1
1948.768,0.02877197,-0.04220371,1
1949.7439,0.006368248,0.092368826,1
1950.7197,0.059429813,0.17146567,1
1951.6956,0.06329283,-0.08105998,1
1952.6714,0.032518853,-0.08466901,1
1953.6472,0.035183717,0.0043778718,1
1954.623,0.033972252,0.04189546,1
1955.5989,0.049092516,-0.10229909,1
1956.5748,0.0,0.10660688,1
1957.5507,0.08447025,0.0,1
1958.5265,0.0,-0.14958407,1
1959.5023,0.034810096,0.19257058,1
1960.4781,0.063931175,-0.039449967,1
1961.454,0.021713167,-0.05871763,1
1962.4298,0.044437613,-0.029770523,1
1963.4058,0.011822163,-0.065633014,1
1964.3816,0.022641428,0.07450367,1
1965.3574,0.036556505,-0.04308265,1
1966.3333,0.008338492,0.034520943,1
1967.3091,0.048017055,0.13043803,1
1968.2849,0.05164239,-0.13589469,1
1969.2607,0.0029016084,-0.15556242,1
1970.2367,0.0,0.0014165754,1
1971.2125,0.0033711395,0.100534715,1
1972.1884,0.033376344,-0.0101543935,1
1973.1642,0.0,-0.100534715,1
1974.14,0.0,0.11078089,1
1975.1158,0.036777955,0.011805975,1
1976.0917,0.003919445,0.06518015,1
1977.0676,0.058429282,-0.011847786,1
1978.0435,0.0,-0.17599803,1
1979.0193,0.0,0.06443729,1
1979.9951,0.021392424,0.07105976,1
1980.971,0.023591008,0.11115429,1
1981.9468,0.058294345,-0.03274357,1
1982.9226,0.012720526,-0.12218903,1
1983.8986,0.017732814,0.019127635,1
1984.8744,0.019071532,0.11068736,1
1985.8502,0.054479722,-0.0574464,1
1986.826,0.0,-0.070358574,1
1987.8019,0.0311215,0.11709316,1
1988.7777,0.038873557,-0.09374277,1
1989.7535,0.0,-0.1109892,1
1990.7295,0.002029261,-1.5290676e-06,1
1991.7053,0.0,0.10606548,1
1992.6812,0.037241757,0.0,1
1993.657,0.0,-0.058825437,1
1994.6328,0.017712403,0.12099006,1
1995.6086,0.04016728,0.015782269,1
1996.5845,0.02295193,-0.055664536,1
1997.5604,0.021688148,-0.057855573,1
1998.5363,0.0037454448,0.00046027507,1
1999.5121,0.021840954,0.023513423,1
2000.4879,0.011551626,-0.0043735686,1
2001.4637,0.020388981,0.06327185,1
2002.4396,0.032557137,-0.0017028684,1
2003.4155,0.019820498,0.05641166,1
2004.3914,0.051280785,-0.034239735,1
2005.3672,0.008453309,-0.057160232,1
2006.343,0.032304257,0.023309559,1
2007.3188,0.016191809,-0.097305425,1
2008.2947,0.0,0.047528744,1
2009.2705,0.031970795,0.056355465,1
2010.2465,0.018704865,0.027492989,1
2011.2223,0.04109425,0.0011960943,1
2012.1981,0.019101955,0.028466778,1
2013.174,0.050544888,0.025796318,1
2014.1498,0.02766603,-0.014213476,1
2015.1256,0.045826178,-0.0057130796,1
2016.1014,0.025769355,0.07359354,1
2017.0774,0.07026798,0.037505146,1
2018.0532,0.038230974,-0.119267754,1
2019.029,0.03067249,-0.115157604,1
2020.0049,0.0,0.014428994,1
2020.9807,0.035462745,0.051538117,1
2021.9565,0.01711005,0.011752117,1
2022.9324,0.03936431,-0.005736157,1
2023.9083,0.015199789,-0.10035914,1
2024.8842,0.00604229,0.00719759,1
2025.86,0.017589305,0.1098256,1
2026.8358,0.042503104,0.14016165,1
2027.8116,0.06412133,-0.074494146,1
2028.7875,0.01777192,-0.030036561,1
2029.7633,0.054149542,0.15636994,1
2030.7393,0.06968555,-0.0062207244,1
2031.7151,0.052088346,-0.002397116,1
2032.6909,0.06888974,-0.055364616,1
2033.6667,0.033707943,-0.12112302,1
2034.6426,0.028678315,0.027550444,1
2035.6184,0.042854365,0.11609258,1
2036.5942,0.06721969,-0.06312042,1
2037.5702,0.021889102,-0.10754149,1
2038.546,0.031508066,0.031606972,1
2039.5219,0.032382246,0.013118888,1
2040.4977,0.035863385,-0.02832525,1
2041.4735,0.022978595,0.05379618,1
2042.4493,0.053723086,0.014963405,1
2043.4252,0.02794627,-0.1618113,1
2044.4011,0.0,0.054588128,1
2045.377,0.046060763,0.08984319,1
2046.3528,0.029826887,-0.053747017,1
2047.3286,0.028217383,-0.057122663,1
2048.3044,0.010862832,0.011248694,1
2049.2803,0.03195182,-0.02376821,1
2050.256,0.0029720657,0.12519291,1
2051.232,0.073514394,0.16420755,1
2052.2078,0.057487044,-0.00718445,1
2053.1836,0.07112924,-0.03309928,1
2054.1597,0.04648752,-0.14848115,1
2055.1355,0.021829085,-0.13756734,1
2056.1113,0.0008167777,0.08782029,1
2057.0872,0.050984394,0.066861555,1
2058.063,0.02301403,-0.011940971,1
2059.0388,0.04702013,0.029289814,1
2060.0146,0.032737903,0.06530596,1
2060.9905,0.06870095,0.14546566,1
2061.9663,0.0810308,0.051293638,1
2062.9421,0.08572983,-0.20222604,1
2063.918,0.013894122,-0.14661597,1
2064.8938,0.03705505,0.22022949,1
2065.8696,0.08700773,0.15400888,1
2066.8455,0.08818419,-0.114048146,1
2067.8215,0.04913028,-0.24700493,1
2068.7974,0.006172175,-0.147988,1
2069.7732,0.0,0.01975972,1
2070.749,0.0127321705,0.014670115,1
2071.7249,0.0048703062,0.07260855,1
2072.7007,0.036837358,0.12282002,1
2073.6765,0.04564511,-0.08678273,1
2074.6523,0.008026508,-0.121068075,1
2075.6282,0.005451932,0.10181421,1
2076.604,0.041827634,0.028800188,1
2077.5798,0.015013256,-0.014981286,1
2078.5557,0.03685402,0.120193616,1
2079.5315,0.054916125,-0.04082873,1
2080.5073,0.023299363,-0.092105165,1
2081.4834,0.024342638,-0.055938207,1
2082.4592,0.00473138,0.08559824,1
2083.435,0.052760247,0.10066609,1
2084.411,0.038151342,-0.15892203,1
2085.3867,0.0,0.021661086,1
2086.3625,0.04534257,0.0,1
2087.3384,0.0,0.002477445,1
2088.3142,0.04616505,0.15078032,1
2089.29,0.0500573,-0.004340719,1
2090.2659,0.044723984,-0.035311606,1
2091.2417,0.038334258,-0.070037074,1
2092.2175,0.021472497,-0.09279108,1
2093.1934,0.00752871,0.12601352,1
2094.1692,0.06330751,0.051409222,1
2095.1453,0.024574459,-0.1906575,1
2096.121,0.0,-0.025150442,1
2097.097,0.016224807,0.0069191083,1
2098.0728,0.002297063,0.025735179,1
2099.0486,0.024768585,0.09377386,1
2100.0244,0.033428885,0.09151199,1
2101.0002,0.055149492,-0.02439581,1
2101.976,0.025329763,-0.055205308,1
2102.952,0.036821976,0.011482974,1
2103.9277,0.029141976,-0.04950967,1
2104.9036,0.020385347,0.110090986,1
2105.8794,0.06569089,0.124369524,1
2106.8552,0.061674573,-0.14258358,1
2107.8313,0.018339053,-0.048612513,1
2108.8071,0.045516137,0.1054331,1
2109.783,0.053341605,0.020271026,1
2110.7588,0.052245878,-0.06963098,1
2111.7346,0.030224936,0.005251841,1
2112.7104,0.05398943,-0.020867644,1
2113.6863,0.023297124,-0.068371035,1
2114.662,0.031291045,0.013977933,1
2115.638,0.027937632,0.14608775,1
2116.6138,0.079790466,-0.005501483,1
2117.5896,0.026111204,-0.1000427,1
2118.5654,0.04657746,0.092427865,1
2119.5413,0.056796167,-0.0041397,1
2120.517,0.04520313,-0.053252824,1
2121.4932,0.039116018,0.085516,1
2122.469,0.073586844,-0.00097612105,1
2123.4448,0.038791955,-0.15436587,1
2124.4207,0.022339188,0.06997836,1
2125.3965,0.062023953,0.20275792,1
2126.3723,0.08965244,0.07029953,1
2127.3481,0.08536257,-0.07759939,1
2128.324,0.06389035,-0.08723253,1
2129.2998,0.056402393,-0.001484439,1
2130.2756,0.063397534,-0.019250862,1
2131.2515,0.05001133,0.05084835,1
2132.2273,0.08027859,0.01763579,1
2133.2031,0.055866208,-0.07000822,1
2134.179,0.057036683,-0.045237962,1
2135.155,0.04084151,0.037640546,1
2136.1309,0.06952324,0.14268458,1
2137.1067,0.08821111,0.23842835,1
2138.0825,0.14867866,0.08018774,1
2139.0583,0.114832506,-0.05910241,1
2140.0342,0.12905735,-0.0823553,1
2141.01,0.08749151,-0.27639472,1
2141.9858,0.037297532,-0.17213124,1
2142.9617,0.03034596,-0.02228417,1
2143.9375,0.02989945,0.21396734,1
2144.9133,0.1013806,0.12676048,1
2145.8892,0.07198244,0.01959513,1
2146.865,0.10788596,-0.02314315,1
2147.8408,0.06429919,-0.0031542385,1
2148.817,0.106860206,-0.14573064,1
2149.7927,0.01594567,-0.25029367,1
2150.7686,0.023765642,0.08536154,1
2151.7444,0.044284698,0.015246904,1
2152.7202,0.028827434,0.15334317,1
2153.696,0.09519283,0.03893003,1
2154.6719,0.041751746,-0.2349645,1
2155.6477,0.017187372,-0.06739848,1
2156.6235,0.019376243,0.03659051,1
2157.5994,0.029334992,0.062473867,1
2158.5752,0.04011683,-0.0808876,1
2159.551,0.002481257,-0.024499595,1
2160.5269,0.031983256,0.07063976,1
2161.5027,0.025932828,0.007976743,1
2162.4788,0.03463546,0.03387845,1
2163.4546,0.037183024,-0.10432735,1
2164.4304,0.0,-0.049148053,1
2165.4062,0.020866446,0.06919508,1
2166.382,0.022971954,0.009563499,1
2167.358,0.024041414,0.08974688,1
2168.3337,0.052766863,-0.006000488,1
2169.3096,0.022049323,-0.07546204,1
2170.2854,0.02771435,0.015766248,1
2171.2612,0.027283533,-0.024534924,1
2172.237,0.019569043,0.11326318,1
2173.213,0.06488558,-0.057957813,1
2174.1887,0.0003277284,-0.18997447,1
2175.1648,0.0018249177,0.15896551,1
2176.1406,0.053096563,0.10755636,1
2177.1165,0.037532367,-0.094581716,1
2178.0923,0.021696541,-0.066681474,1
2179.068,0.015394899,0.08578934,1
2180.044,0.050177597,0.14531207,1
2181.0198,0.0636368,0.058643837,1
2181.9956,0.069646664,0.03483768,1
2182.9714,0.0752025,-0.019407645,1
2183.9473,0.06320355,0.0083541,1
2184.923,0.077975966,0.03042179,1
2185.899,0.07330323,-0.044754338,1
2186.8748,0.06311805,0.021516887,1
2187.8506,0.080446586,0.11854799,1
2188.8267,0.10248069,0.112652086,1
2189.8025,0.1178521,-0.02256035,1
2190.7783,0.09499092,0.11118922,1
2191.7542,0.15476562,0.08350231,1
2192.73,0.1227127,-0.12203138,1
2193.7058,0.11425263,0.106015086,1
2194.6816,0.15790847,0.24910587,1
2195.6575,0.19695286,0.048363764,1
2196.6333,0.17396466,0.022026408,1
2197.6091,0.20426537,0.07077758,1
2198.585,0.19746199,-0.057342973,1
2199.5608,0.18522817,0.011592785,1
2200.5366,0.20131066,0.04470644,1
2201.5125,0.20007019,-0.07153891,1
2202.4885,0.17755228,-0.018604204,1
2203.4644,0.19388331,-0.054946646,1
2204.4402,0.15931064,-0.12279775,1
2205.416,0.1531159,-0.039527427,1
2206.3918,0.14618799,-0.066974804,1
2207.3677,0.13088106,0.020061597,1
2208.3435,0.15284821,0.0297455,1
2209.3193,0.1407562,-0.15158159,1
2210.2952,0.10252491,-0.16261739,1
2211.271,0.08676914,-0.07727118,1
2212.2468,0.07687178,-0.0045547793,1
2213.2227,0.08525701,-0.023097137,1
2214.1985,0.0692038,0.038825363,1
2215.1743,0.09814657,-0.08910707,1
2216.1504,0.039595712,0.027706206,1
2217.1262,0.10731427,0.3411135,1
2218.102,0.15284139,0.19528177,1
2219.078,0.17214553,0.012864203,1
2220.0537,0.15711215,-0.0628716,1
2221.0295,0.1512729,-0.25604743,1
2222.0054,0.07210741,-0.32000637,1
2222.9812,0.045034546,-0.13005681,1
2223.957,0.02893008,-0.061938126,1
2224.9329,0.024471814,0.1343371,1
2225.9087,0.07352842,0.2877433,1
2226.8845,0.11999922,0.20205855,1
2227.8604,0.14060949,0.059978448,1
2228.8362,0.13991135,-0.079849385,1
2229.8123,0.11409082,-0.19058204,1
2230.788,0.07663536,-0.3436592,1
2231.764,0.0,-0.19221048,1
2232.7397,0.012823732,0.09106353,1
2233.7156,0.030232023,-0.038627062,1
2234.6914,0.0,-0.09106353,1
2235.6672,0.0,0.058101602,1
2236.643,0.01928905,0.14688973,1
2237.619,0.048765667,0.1590348,1
2238.5947,0.072086744,0.1922675,1
2239.5706,0.11259623,-0.1015742,1
2240.5464,0.0383653,-0.17868908,1
2241.5222,0.05327355,0.14282231,1
2242.4983,0.08579097,-0.09001522,1
2243.474,0.02340956,-0.25841567,1
2244.45,0.0,0.0444492,1
2245.4258,0.038166173,0.23375013,1
2246.4016,0.077602305,0.2596052,1
2247.3774,0.12435206,0.0845788,1
2248.3533,0.10568147,0.060792074,1
2249.329,0.1445343,-0.072441034,1
2250.305,0.0816319,-0.2677413,1
2251.2808,0.05564734,-0.23479487,1
2252.2566,0.0036827573,0.16592503,1
2253.2324,0.1107325,0.48358035,1
2254.2083,0.16422576,0.08961567,1
2255.184,0.14048386,0.004780348,1
2256.1602,0.16582525,-0.033486437,1
2257.136,0.12938084,-0.4432025,1
2258.1118,0.018687204,-0.16435772,1
2259.0876,0.074816,0.38973007,1
2260.0635,0.14807302,0.3345234,1
2261.0393,0.18587385,-0.081386775,1
2262.0151,0.12105356,-0.23212154,1
2262.991,0.10881222,-0.071968324,1
2263.9668,0.09716093,0.101097144,1
2264.9426,0.14237529,0.07850826,1
2265.9185,0.12322475,-0.16391325,1
2266.8943,0.087958016,-0.15689848,1
2267.87,0.071136296,-0.03494593,1
2268.846,0.076356374,0.09034797,1
2269.822,0.101139404,0.0643331,1
2270.7979,0.09772394,-0.06903948,1
2271.7737,0.07821911,-0.15475632,1
2272.7495,0.046346657,0.018372174,1
2273.7253,0.08431845,-0.0835847,1
2274.7012,0.018597515,-0.04502204,1
2275.677,0.06937166,0.01079944,1
2276.6528,0.022182802,-0.10384998,1
2277.6287,0.034894686,-0.018316302,1
2278.6045,0.016102005,-0.057469234,1
2279.5803,0.015815577,0.09363923,1
2280.5562,0.047189128,0.13992354,1
2281.532,0.062268548,-0.02221916,1
2282.5078,0.03981263,-0.13220407,1
2283.484,0.018373117,-0.023447383,1
2284.4597,0.03201862,0.07313965,1
2285.4355,0.042654622,0.022186749,1
2286.4114,0.03938436,0.07035529,1
2287.3872,0.06601176,-0.0058046705,1
2288.363,0.037457276,-0.05266177,1
2289.3389,0.048528664,0.07664049,1
2290.3147,0.06290102,0.12771079,1
2291.2905,0.09092715,0.08729694,1
2292.2664,0.09188258,0.09427435,1
2293.2422,0.12222513,-0.113077216,1
2294.218,0.05434227,-0.09761086,1
2295.1938,0.08981947,0.10648818,1
2296.1697,0.089695096,0.005532652,1
2297.1458,0.09165698,0.07710787,1
2298.1216,0.1152918,-0.083784245,1
2299.0974,0.063841596,-0.014190701,1
2300.0732,0.110580646,0.07226303,1
2301.049,0.08783207,-0.10097444,1
2302.025,0.07705832,0.041886877,1
2303.0007,0.10173803,0.2219019,1
2303.9766,0.15072715,0.19226065,1
2304.9524,0.16556631,0.24071099,1
2305.9282,0.23064037,0.34071153,1
2306.904,0.27867854,0.19258685,1
2307.88,0.29457694,0.17164016,1
2308.8557,0.33566105,0.34370413,1
2309.8318,0.4087049,0.33512568,1
2310.8076,0.4469415,0.30561447,1
2311.7834,0.51016533,0.19111922,1
2312.7593,0.5103908,-0.015895102,1
2313.735,0.50488836,0.0694042,1
2314.711,0.5334322,0.12180884,1
2315.6868,0.5453274,0.08911846,1
2316.6626,0.5630185,0.098332174,1
2317.6384,0.5779726,0.16674615,1
2318.6143,0.61837626,0.10850213,1
2319.59,0.613994,0.057702307,1
2320.566,0.6375328,0.25530434,1
2321.5417,0.69875205,0.3115395,1
2322.5176,0.7409602,0.09219968,1
2323.4937,0.7293516,0.12268571,1
2324.4695,0.7816795,0.3387318,1
2325.4453,0.8418066,0.21198218,1
2326.4211,0.8520551,0.120230824,1
2327.397,0.8817218,0.10195091,1
2328.3728,0.8859016,0.023085093,1
2329.3486,0.8893858,0.32432956,1
2330.3245,0.99357516,0.16077957,1
2331.3003,0.94276273,-0.017346801,1
2332.2761,0.9878162,0.17240752,1
2333.252,1.0,-0.043920103,1
2334.2278,0.9732353,-0.08638413,1
2335.2036,0.97132146,-0.16582601,1
2336.1794,0.918183,-0.14986345,1
2337.1555,0.92157644,0.08072836,1
2338.1313,0.9449823,0.006620594,1
2339.1072,0.92377436,-0.1579601,1
2340.083,0.8925414,-0.10943016,1
2341.0588,0.88744485,-0.16950746,1
2342.0347,0.83626693,0.03542558,1
2343.0105,0.89920574,0.0799086,1
2343.9863,0.86279565,-0.1669068,1
2344.9622,0.84379464,-0.0849044,1
2345.938,0.8346084,0.031007415,1
2346.9138,0.8540887,-0.053468626,1
2347.8896,0.81685746,-0.2407961,1
2348.8655,0.7741473,-0.07469906,1
2349.8413,0.7920582,-0.03825452,1
2350.8174,0.7614335,-0.13756344,1
2351.7932,0.7463792,0.013950394,1
2352.769,0.7660648,0.00016013187,1
2353.7449,0.74643236,-0.24539928,1
2354.7207,0.68459517,-0.38417158,1
2355.6965,0.6188919,-0.27946654,1
2356.6724,0.59181553,-0.4297376,1
2357.6482,0.47622404,-0.39905518,1
2358.624,0.4593339,-0.13880481,1
2359.5999,0.43014246,-0.37884387,1
2360.5757,0.3335622,-0.4334603,1
2361.5515,0.28623873,-0.16053481,1
2362.5273,0.28026652,-0.14060073,1
2363.5032,0.23956095,-0.25989512,1
2364.4792,0.19397238,-0.25414827,1
2365.455,0.15517446,0.08549079,1
2366.431,0.22235431,-0.049445663,1
2367.4067,0.13875909,-0.37185037,1
2368.3826,0.09890436,-0.10276423,1
2369.3584,0.10464257,-0.18503916,1
2370.3342,0.037473522,-0.13010359,1
2371.31,0.061449707,0.12849411,1
2372.286,0.08013206,-0.043280266,1
2373.2617,0.04708116,-0.14729081,1
2374.2375,0.031233236,0.056411233,1
2375.2134,0.065809034,0.020730693,1
2376.1892,0.038115583,-0.013798583,1
2377.1653,0.0612402,0.02078877,1
2378.141,0.045027915,-0.04906778,1
2379.117,0.04495027,-0.06290623,1
2380.0928,0.024143785,0.15762842,1
2381.0686,0.09728105,0.11010894,1
2382.0444,0.060698662,-0.25063124,1
2383.0203,0.014074421,-0.09705357,1
2383.996,0.028478013,0.0069791935,1
2384.972,0.01639143,0.0565895,1
2385.9478,0.047265064,-0.013615424,1
2386.9236,0.01187127,-0.12626071,1
2387.8994,0.0053479886,-0.0357581,1
2388.8752,0.0,-0.011749981,1
2389.851,0.0014471326,0.11430131,1
2390.8271,0.037960213,0.13406816,1
2391.803,0.04596889,0.06787036,1
2392.7788,0.060492378,0.05564418,1
2393.7546,0.064442106,0.06532258,1
2394.7305,0.082178704,-0.02224198,1
2395.7063,0.057058025,-0.24753498,1
2396.6821,0.0,-0.09552928,1
2397.658,0.02534343,0.22650923,1
2398.6338,0.07519841,0.13662946,1
2399.6096,0.07070281,0.041347176,1
2400.5854,0.08892519,0.022142982,1
2401.5613,0.07805402,-0.17772911,1
2402.537,0.029921206,0.116632216,1
2403.513,0.11677455,0.31771904,1
2404.489,0.13539633,0.03777905,1
2405.4648,0.12932451,0.04530584,1
2406.4407,0.15043734,-0.07300219,1
2407.4165,0.10508864,-0.059978843,1
2408.3923,0.13052507,0.10728688,1
2409.3682,0.14070663,0.1650596,1
2410.344,0.18532293,0.14429444,1
2411.3198,0.18861069,-0.04688548,1
2412.2957,0.16975749,0.040821537,1
2413.2715,0.20216295,0.09327006,1
2414.2473,0.20072205,-0.114380576,1
2415.2231,0.16418995,-0.08320077,1
2416.199,0.17310038,0.01086111,1
2417.1748,0.1677957,0.033653356,1
2418.151,0.18427974,-0.0017445438,1
2419.1267,0.16722487,-0.26552457,1
2420.1025,0.09612869,-0.17081136,1
2421.0784,0.1105175,0.12664251,1
2422.0542,0.13817252,0.009633381,1
2423.03,0.11371567,-0.029283414,1
2424.0059,0.12845077,0.0041516903,1
2424.9817,0.11509398,-0.086248964,1
2425.9575,0.09981713,-0.00090190244,1
2426.9333,0.11479457,0.008394571,1
2427.9092,0.102604024,-0.21802446,1
2428.885,0.042413004,-0.08696498,1
2429.8608,0.07373267,-0.017348312,1
2430.8367,0.036653567,-0.11078129,1
2431.8127,0.036959328,0.15207838,1
2432.7886,0.08713564,0.08185887,1
2433.7644,0.064135514,0.0017555595,1
2434.7402,0.087718464,0.13846976,1
2435.716,0.11010585,-0.1581339,1
2436.692,0.035219867,-0.2229367,1
2437.6677,0.03609348,0.14046174,1
2438.6436,0.08185152,0.12762544,1
2439.6194,0.07846363,-0.04420756,1
2440.5952,0.06717513,-0.12726015,1
2441.571,0.03621475,-0.20234187,1
2442.5469,0.0,-0.049460996,1
2443.5227,0.019794278,0.14140414,1
2444.4988,0.046952225,0.13285293,1
2445.4746,0.06390796,0.05366879,1
2446.4504,0.06476963,-0.07970036,1
2447.4263,0.037448376,-0.0030183718,1
2448.402,0.06376757,0.12892121,1
2449.378,0.080248706,0.010170454,1
2450.3538,0.06714404,0.029930094,1
2451.3296,0.09018515,-0.083181754,1
2452.3054,0.03952867,-0.09244661,1
2453.2812,0.05949396,-0.08777611,1
2454.257,0.010388033,-0.01157809,1
2455.233,0.05565017,0.13213696,1
2456.2087,0.054255955,0.07863924,1
2457.1846,0.08175748,0.02715721,1
2458.1606,0.06326145,0.056239724,1
2459.1365,0.10041683,0.02471845,1
2460.1123,0.07146768,-0.023477012,1
2461.0881,0.092622735,0.08880376,1
2462.064,0.10094949,0.026665634,1
2463.0398,0.10147542,-0.06287806,1
2464.0156,0.08007471,-0.02582124,1
2464.9915,0.09290307,0.023227267,1
2465.9673,0.08778589,-0.023750696,1
2466.943,0.08501811,0.17517447,1
2467.919,0.14594176,0.20127596,1
2468.8948,0.15183938,0.18729599,1
2469.8706,0.20812184,0.08982342,1
2470.8464,0.1816597,-0.27134705,1
2471.8225,0.11801721,0.11464407,1
2472.7983,0.21968359,0.3113337,1
2473.7742,0.22137634,-0.022317458,1
2474.75,0.21227445,-0.096440114,1
2475.7258,0.18935935,0.022105686,1
2476.7017,0.21961328,0.09634126,1
2477.6775,0.22134353,-0.087220445,1
2478.6533,0.19065711,-0.18711263,1
2479.6292,0.15922433,-0.15889977,1
2480.605,0.13790426,0.0033190132,1
2481.5808,0.1603262,0.119984314,1
2482.5566,0.17773764,0.041009437,1
2483.5325,0.17394085,0.04935964,1
2484.5083,0.19412446,-0.057294093,1
2485.4844,0.15490265,0.13698843,1
2486.4602,0.23957771,0.39024016,1
2487.436,0.2844578,0.19762567,1
2488.4119,0.3051871,-0.01680929,1
2489.3877,0.27887732,-0.17552862,1
2490.3635,0.24691367,-0.13079804,1
2491.3394,0.2354539,-0.08360569,1
2492.3152,0.21915756,0.01692387,1
2493.291,0.24107243,0.121493876,1
2494.2668,0.2594921,-0.030307801,1
2495.2427,0.2310106,-0.09023658,1
2496.2185,0.22953461,0.010493017,1
2497.1943,0.23449416,-0.1707652,1
2498.1702,0.17284256,-0.17149925,1
2499.1462,0.1775679,-0.10364005,1
2500.122,0.13844195,-0.04649242,1
2501.098,0.16213296,-0.020352865,1
2502.0737,0.13168503,-0.20394759,1
2503.0496,0.094424754,-0.13082515,1
2504.0254,0.08825262,0.02694996,1
2505.0012,0.10337182,0.18862325,1
2505.977,0.15087333,-0.08861019,1
2506.953,0.073954284,-0.19435999,1
2507.9287,0.086348094,0.09186164,1
2508.9045,0.10445127,0.17556158,1
2509.8804,0.14463247,0.16576254,1
2510.8562,0.15948248,0.054211162,1
2511.8323,0.16262926,0.059258994,1
2512.808,0.17915489,-0.25350305,1
2513.784,0.07846922,-0.36255282,1
2514.7598,0.058791604,-0.0052128485,1
2515.7356,0.07673861,0.105122834,1
2516.7114,0.093691155,0.060528267,1
2517.6873,0.09683329,-0.018336631,1
2518.663,0.08760361,0.009709549,1
2519.639,0.100056745,0.11503098,1
2520.6147,0.12579255,-0.039578367,1
2521.5906,0.08691719,0.041001245,1
2522.5664,0.13940448,-0.05391494,1
2523.5422,0.06901806,-0.020061333,1
2524.518,0.13274434,0.14224184,1
2525.4941,0.11622651,0.043109853,1
2526.47,0.14704627,0.15518367,1
2527.4458,0.16774566,0.05511269,1
2528.4216,0.16534303,-0.110655144,1
2529.3975,0.13100946,-0.09484212,1
2530.3733,0.13385656,0.1514398,1
2531.349,0.1812857,-0.03210946,1
2532.325,0.123196594,-0.024306756,1
2533.3008,0.17321615,0.06417249,1
2534.2766,0.1445011,-0.252118,1
2535.2524,0.08951593,-0.12481151,1
2536.2283,0.103065155,0.10707031,1
2537.204,0.12506202,0.08854002,1
2538.18,0.1324594,-0.25819257,1
2539.156,0.03930924,-0.20057677,1
2540.1318,0.06583201,0.07622892,1
2541.1077,0.064616345,0.12483457,1
2542.0835,0.10727563,0.19297862,1
2543.0593,0.12868299,0.22574541,1
2544.0352,0.18222046,-0.07380984,1
2545.011,0.10417899,-0.40452975,1
2545.9868,0.04792132,0.053818673,1
2546.9626,0.12204615,0.17424424,1
2547.9385,0.10576836,-0.09178346,1
2548.9143,0.09157512,0.031095847,1
2549.8901,0.11609182,0.049942635,1
2550.866,0.1081555,-0.021428565,1
2551.8418,0.10897779,0.06966861,1
2552.8179,0.13129292,-0.13917345,1
2553.7937,0.06279078,-0.077627294,1
2554.7695,0.105521575,0.18443203,1
2555.7454,0.12402005,0.048745237,1
2556.7212,0.12170442,-0.048660684,1
2557.697,0.107865274,-0.110846445,1
2558.6729,0.0849047,-0.03490535,1
2559.6487,0.09627711,0.0932428,1
2560.6245,0.11586022,0.0155936945,1
2561.6003,0.101454034,0.12877713,1
2562.5762,0.15861271,0.03980746,1
2563.552,0.11466964,-0.12870942,1
2564.5278,0.115882695,0.067424424,1
2565.5037,0.13705376,-0.023607317,1
2566.4797,0.1080318,-0.037924882,1
2567.4556,0.12445022,0.052239474,1
2568.4314,0.12537469,-0.09898249,1
2569.4072,0.09158919,-0.15075503,1
2570.383,0.07532579,-0.016813254,1
2571.359,0.08600739,-0.030202858,1
2572.3347,0.065298796,-0.14091091,1
2573.3105,0.03922662,-0.07188866,1
2574.2864,0.0414326,-0.06165676,1
2575.2622,0.018757302,-0.07569888,1
2576.238,0.01630146,-0.012763664,1
2577.2139,0.014519916,-0.029760897,1
2578.1897,0.006421192,0.07099296,1
2579.1658,0.038101643,0.112763904,1
2580.1416,0.04386865,-0.08234332,1
2581.1174,0.010764629,-0.0757266,1
2582.0933,0.018728307,-0.0018845743,1
2583.069,0.010138972,0.11520215,1
2584.045,0.056974072,0.07051807,1
2585.0208,0.033550143,-0.11779488,1
2585.9966,0.017867554,0.005874641,1
2586.9724,0.035500456,0.06181785,1
2587.9482,0.038390353,-0.05451191,1
2588.924,0.01740314,0.0123561155,1
2589.9,0.04249244,0.04564017,1
2590.8757,0.03255514,-0.014349387,1
2591.8516,0.03772861,-0.09801652,1
2592.8276,0.0,-0.04506557,1
2593.8035,0.02275037,0.13816628,1
2594.7793,0.045869585,-0.024947716,1
2595.7551,0.014468022,-0.10720768,1
2596.731,0.0102778915,0.118505284,1
2597.7068,0.053810384,0.048566755,1
2598.6826,0.026401483,-0.1531548,1
2599.6584,0.0029647858,-0.07952535,1
2600.6343,0.0,0.12845445,1
2601.61,0.04561016,0.069362246,1
2602.586,0.023027452,-0.065639295,1
2603.5618,0.023818681,0.09219993,1
2604.5376,0.05363675,-0.009863429,1
2605.5134,0.02054414,0.12456948,1
2606.4895,0.09502444,0.078535885,1
2607.4653,0.04665113,0.083632894,1
2608.4412,0.12278958,0.114631355,1
2609.417,0.084707394,-0.07437689,1
2610.3928,0.098097324,0.104525544,1
2611.3687,0.11940865,-0.15548432,1
2612.3445,0.046478353,-0.09071367,1
2613.3203,0.08929278,0.22274567,1
2614.2961,0.1204273,-0.020475963,1
2615.272,0.082495,0.0032951422,1
2616.2478,0.12152126,0.06090212,1
2617.2236,0.102713786,-0.054115567,1
2618.1995,0.10355552,0.055477783,1
2619.1753,0.12113176,0.031606726,1
2620.1514,0.11404372,0.02944269,1
2621.1272,0.13090163,0.025491012,1
2622.103,0.12250643,0.03975028,1
2623.0789,0.14409827,0.071740344,1
2624.0547,0.14632338,-0.08952245,1
2625.0305,0.11437786,-0.02959934,1
2626.0063,0.13649675,0.033181176,1
2626.9822,0.12539363,-0.042589646,1
2627.958,0.122357495,0.09176309,1
2628.9338,0.15585789,0.08692046,1
2629.9097,0.15121406,0.091313176,1
2630.8855,0.1861728,-0.04122051,1
2631.8613,0.13752934,-0.1442986,1
2632.8372,0.13826735,-0.037465207,1
2633.8132,0.1250863,-0.12600897,1
2634.789,0.0964325,-0.08682193,1
2635.765,0.096262425,0.08406082,1
2636.7407,0.124339715,-0.017206358,1
2637.7166,0.09055012,-0.033912804,1
2638.6924,0.11308105,-0.017856367,1
2639.6682,0.08462201,-0.22162035,1
2640.644,0.0395057,-0.018808793,1
2641.6199,0.07837771,0.14523639,1
2642.5957,0.08772248,-0.021661425,1
2643.5715,0.07118637,-0.004685521,1
2644.5474,0.08616694,0.046744686,1
2645.5232,0.08670506,0.12610422,1
2646.4993,0.1280475,-0.07180182,1
2647.475,0.06289136,-0.09929993,1
2648.451,0.09508109,0.07869605,1
2649.4268,0.089017525,-0.09465217,1
2650.4026,0.06365768,-0.24945682,1
2651.3784,0.0062007844,-0.0015893175,1
2652.3542,0.06313004,0.09641456,1
2653.33,0.038209286,-0.06625767,1
2654.306,0.041133277,-0.0035493122,1
2655.2817,0.037030958,0.032589715,1
2656.2576,0.051952682,0.06441915,1
2657.2334,0.05841736,-0.09651355,1
2658.2092,0.019911315,-0.14882682,1
2659.185,0.009008602,0.018900214,1
2660.1611,0.026193775,0.19083075,1
2661.137,0.07236285,0.12947014,1
2662.1128,0.06917634,-0.16012141,1
2663.0886,0.019204421,-0.097679585,1
2664.0645,0.036747865,0.07793409,1
2665.0403,0.045077622,-0.102666184,1
2666.016,0.0026638983,0.027630389,1
2666.992,0.054250587,0.15829141,1
2667.9678,0.055214792,0.03557287,1
2668.9436,0.066060364,0.15620203,1
2669.9194,0.10707203,-0.0926478,1
2670.8953,0.035302382,-0.17320663,1
2671.871,0.04956947,-0.07876636,1
2672.847,0.009152874,-0.0712067,1
2673.823,0.025941031,0.123006105,1
2674.7988,0.04999275,-0.077138744,1
2675.7747,0.00033187296,-0.05943469,1
2676.7505,0.030261131,0.03935282,1
2677.7263,0.013396547,0.053668708,1
2678.7021,0.04807851,0.22135095,1
2679.678,0.086882465,0.5046572,1
2680.6538,0.21561879,0.18651797,1
2681.6296,0.14880425,-0.3306878,1
2682.6055,0.10583432,-0.38398364,1
2683.5813,0.021326175,-0.24849886,1
2684.5571,0.023335619,0.08684138,1
2685.533,0.050156496,-0.004334417,1
2686.5088,0.021896644,-0.09754868,1
2687.4849,0.017773466,-0.06595811,1
2688.4607,0.0,0.15294728,1
2689.4365,0.06855017,0.044396296,1
2690.4124,0.01473905,-0.10979292,1
2691.3882,0.032100208,0.19439106,1
2692.364,0.0792746,0.021076195,1
2693.3398,0.039097257,-0.09521338,1
2694.3157,0.047664873,-0.025549332,1
2695.2915,0.03061518,-0.015983567,1
2696.2673,0.042358518,0.16607507,1
2697.2432,0.085750155,0.13793758,1
2698.219,0.08815217,0.116627835,1
2699.1948,0.12446923,0.09279175,1
2700.1707,0.118957944,-0.005481056,1
2701.1467,0.12265167,-0.13301542,1
2702.1226,0.07480576,-0.16133086,1
2703.0984,0.06909172,0.029656062,1
2704.0742,0.084651224,0.095948026,1
2705.05,0.10094534,0.15212457,1
2706.026,0.1351548,0.00022495548,1
2707.0017,0.10102002,-0.17859438,1
2707.9775,0.075863555,-0.19588275,1
2708.9534,0.035989247,0.04052006,1
2709.9292,0.08931574,0.116112836,1
2710.905,0.074537344,0.0026857345,1
2711.8809,0.090207376,-0.11073445,1
2712.8567,0.03777481,-0.14832497,1
2713.8328,0.040972985,-0.097275354,1
2714.8086,0.005486172,0.079694815,1
2715.7844,0.06743073,0.16016205,1
2716.7603,0.05865809,-0.0935588,1
2717.736,0.036370303,0.004991003,1
2718.712,0.060315043,-0.026428409,1
2719.6877,0.027596382,-0.15396537,1
2720.6636,0.0092003485,0.022206606,1
2721.6394,0.034968715,0.10815271,1
2722.6152,0.04510578,-0.105331175,1
2723.591,0.0,-0.023464344,1
2724.567,0.037315894,0.15007976,1
2725.5427,0.04982472,-0.044338852,1
2726.5186,0.022595916,-0.0904015,1
2727.4946,0.019814843,-0.03993208,1
2728.4705,0.0093392,0.026407188,1
2729.4463,0.028581722,0.039862785,1
2730.422,0.022573177,0.14236438,1
2731.398,0.075845025,0.022265013,1
2732.3738,0.029964902,-0.11777799,1
2733.3496,0.036744114,0.033959687,1
2734.3254,0.04123912,0.08411668,1
2735.3013,0.06466987,0.14454135,1
2736.277,0.08922515,0.036385234,1
2737.253,0.07674934,-0.050827917,1
2738.2288,0.07235088,-0.07313473,1
2739.2046,0.052469466,0.05704886,1
2740.1804,0.09129044,0.05938483,1
2741.1565,0.0721725,-0.12615564,1
2742.1323,0.04940392,0.010248702,1
2743.1082,0.07557495,0.15098841,1
2744.084,0.0995303,-0.04907023,1
2745.0598,0.059284206,-0.17816949,1
2746.0356,0.04038012,0.05537365,1
2747.0115,0.07766761,0.17449693,1
2747.9873,0.09831105,0.0024908038,1
2748.9631,0.07849453,-0.15038595,1
2749.939,0.04838468,-0.15536655,1
2750.9148,0.026914649,-0.10657854,1
2751.8906,0.013001857,-0.06329546,1
2752.8665,0.005901299,-0.039163604,1
2753.8423,0.0,0.113474295,1
2754.8184,0.043590523,0.042700738,1
2755.7942,0.014196175,-0.12699361,1
2756.77,0.0014301317,0.080161855,1
2757.7458,0.040808972,0.13224605,1
2758.7217,0.045334272,0.082587086,1
2759.6975,0.06822692,-0.04565544,1
2760.6733,0.030177202,-0.1046034,1
2761.6492,0.033499815,0.08482195,1
2762.625,0.058337092,0.15076672,1
2763.6008,0.08355259,-0.17572035,1
2764.5767,0.0,-0.075953804,1
2765.5525,0.05833682,0.06425099,1
2766.5283,0.021330576,-0.06316382,1
2767.5042,0.037367173,0.04544588,1
2768.4802,0.03641571,-0.05419615,1
2769.456,0.01937646,-0.029692613,1
2770.432,0.026558114,0.061143473,1
2771.4077,0.039675377,-0.011477498,1
2772.3835,0.022747718,-0.064158514,1
2773.3594,0.018375501,0.025843255,1
2774.3352,0.031327378,-0.0044666375,1
2775.311,0.01689263,-0.04077721,1
2776.2869,0.01778982,0.10867808,1
2777.2627,0.052972477,-0.0071482603,1
2778.2385,0.015416682,4.094181e-05,1
2779.2144,0.05298607,0.07080017,1
2780.1902,0.03892151,-0.15956356,1
2781.1663,0.0,0.0024895007,1
2782.142,0.03972842,0.11802914,1
2783.118,0.03918429,-0.03903498,1
2784.0938,0.026769266,0.020352975,1
2785.0696,0.045941237,-0.048873365,1
2786.0454,0.010543882,-0.09786146,1
2787.0212,0.013452383,0.114247754,1
2787.997,0.048472796,0.031021949,1
2788.973,0.023751305,-0.030526066,1
2789.9487,0.038338497,0.012239302,1
2790.9246,0.02781461,-0.051323324,1
2791.9004,0.021299757,0.0060204826,1
2792.8762,0.02981334,-0.044751678,1
2793.852,0.0064427247,-0.07853787,1
2794.8281,0.0037415982,0.14895234,1
2795.804,0.05588562,0.06205325,1
2796.7798,0.024342548,-0.15136467,1
2797.7556,0.0056343274,0.15234683,1
2798.7314,0.07491991,0.052415427,1
2799.7073,0.023035634,-0.14504397,1
2800.683,0.026767015,-0.06938689,1
2801.659,0.0,0.122571565,1
2802.6348,0.06745934,0.1694127,1
2803.6106,0.05624303,-0.05651802,1
2804.5864,0.04869602,-0.11370663,1
2805.5623,0.01849376,-0.08264695,1
2806.538,0.021258201,0.046151992,1
2807.514,0.03381568,0.013458216,1
2808.49,0.025721563,0.033115912,1
2809.4658,0.044804353,-0.018899644,1
2810.4417,0.019447101,-0.04576188,1
2811.4175,0.029611947,0.0810124,1
2812.3933,0.04634227,0.02414539,1
2813.3691,0.037627935,0.035872165,1
2814.345,0.058251407,-0.03728783,1
2815.3208,0.02524881,-0.019875217,1
2816.2966,0.05165307,0.0999253,1
2817.2725,0.05842284,0.02136996,1
2818.2483,0.058747645,-0.03518695,1
2819.224,0.046741188,-0.116566926,1
2820.2,0.02004879,-0.14079168,1
2821.1758,0.0,0.09764465,1
2822.1519,0.05248787,0.21421416,1
2823.1277,0.07113395,-0.073230416,1
2824.1035,0.028176231,-0.1190996,1
2825.0793,0.03159428,-0.07959279,1
2826.0552,0.0017523583,0.027097236,1
2827.031,0.040590245,0.12007437,1
2828.0068,0.04161564,-0.014030339,1
2828.9827,0.035932336,0.14755453,1
2829.9585,0.09060201,0.1179783,1
2830.9343,0.07509975,-0.041207567,1
2831.9102,0.07692158,0.12608501,1
2832.886,0.11695849,0.10136796,1
2833.8618,0.11057456,-0.16545613,1
2834.8376,0.062028997,-0.036657516,1
2835.8137,0.09842441,-0.016139898,1
2836.7896,0.05668962,-0.19062419,1
2837.7654,0.03513942,0.047564156,1
2838.7412,0.07248036,0.062862046,1
2839.717,0.056008883,-0.12200187,1
2840.6929,0.03197717,0.042872876,1
2841.6687,0.070242174,0.07345316,1
2842.6445,0.056362756,-0.095964976,1
2843.6204,0.03838293,0.021014186,1
2844.5962,0.06333922,-0.018741723,1
2845.572,0.032160897,-0.11016701,1
2846.5479,0.026765065,0.006907636,1
2847.5237,0.03445415,-0.04976447,1
2848.4998,0.010233795,0.019685926,1
2849.4756,0.040976714,0.08097614,1
2850.4514,0.037116926,0.047440477,1
2851.4272,0.056726396,0.0024170121,1
2852.403,0.037919346,-0.078758836,1
2853.379,0.030579388,0.044669967,1
2854.3547,0.05274925,0.08896446,1
2855.3306,0.060114544,-0.13681084,1
2856.3064,0.007329658,-0.021329599,1
2857.2822,0.053033367,0.16103463,1
2858.258,0.060791265,-0.15974471,1
2859.234,0.0,-0.09780649,1
2860.2097,0.028320655,0.0,1
2861.1855,0.0,0.0073103798,1
2862.1616,0.030762697,0.0033303846,1
2863.1375,0.0011208975,0.10251572,1
2864.1133,0.064796716,0.13141969,1
2865.089,0.04475069,-0.0675515,1
2866.065,0.04237041,-0.134796,1
2867.0408,0.0,-0.037736867,1
2868.0166,0.029842211,0.13809073,1
2868.9924,0.045844506,-0.0062706233,1
2869.9683,0.027760439,-0.0419052,1
2870.944,0.03193247,0.042956363,1
2871.92,0.042021446,0.115502894,1
2872.8958,0.07027808,-0.081203714,1
2873.8716,0.015062765,-0.19399495,1
2874.8474,0.005874028,-0.0013767929,1
2875.8235,0.014610113,0.07970776,1
2876.7993,0.032337133,0.13452347,1
2877.7751,0.059270322,-0.09740444,1
2878.751,0.0,-0.07083646,1
2879.7268,0.03575345,0.09804232,1
2880.7026,0.0325489,-0.10769492,1
2881.6785,0.0,-0.013159189,1
2882.6543,0.028180204,0.002906427,1
2883.6301,0.00096489966,-0.08488313,1
2884.606,0.0,-0.002906427,1
2885.5818,0.0,0.06574565,1
2886.5576,0.021826787,0.10762816,1
2887.5334,0.035731286,-0.011485087,1
2888.5093,0.018013872,-0.07394106,1
2889.4854,0.011183374,0.10841399,1
2890.4612,0.053998128,0.032521475,1
2891.437,0.021980124,-0.07401649,1
2892.4128,0.029425522,-0.06620753,1
2893.3887,0.0,0.00474199,1
2894.3645,0.030999808,0.167162,1
2895.3403,0.055495825,0.0034753126,1
2896.3162,0.03215357,-0.12434124,1
2897.292,0.014215991,0.029253466,1
2898.2678,0.04186538,0.0053947954,1
2899.2437,0.016006999,-0.05839596,1
2900.2195,0.022478605,0.06664625,1
2901.1953,0.03813277,-0.060850147,1
2902.1711,0.00227707,-0.036566846,1
2903.1472,0.026006397,0.012538914,1
2904.123,0.006451191,-0.078335285,1
2905.0989,0.0,0.03286241,1
2906.0747,0.017361127,0.109584086,1
2907.0505,0.036380634,-0.046260938,1
2908.0264,0.0020030383,-0.08199187,1
2909.0022,0.009160292,0.03520504,1
2909.978,0.013690699,-0.01434758,1
2910.9539,0.0043970644,0.0264847,1
2911.9297,0.022483308,0.13751529,1
2912.9055,0.05005053,0.034024436,1
2913.8813,0.03377902,0.03324093,1
2914.8572,0.061086126,-0.031508703,1
2915.8333,0.02330091,0.03865012,1
2916.809,0.07389701,0.082231104,1
2917.785,0.050600674,-0.024051819,1
2918.7607,0.06591209,0.09783298,1
2919.7366,0.083080076,-0.06644341,1
2920.7124,0.043853655,-0.007104822,1
2921.6882,0.080721356,-0.011494772,1
2922.664,0.040037528,0.02284759,1
2923.64,0.08830649,0.053438313,1
2924.6157,0.05777842,-0.09563623,1
2925.5916,0.05655638,0.061666142,1
2926.5674,0.078250855,0.008016152,1
2927.5432,0.05921765,-0.10351537,1
2928.519,0.043884967,0.20094709,1
2929.495,0.12596244,0.11450218,1
2930.471,0.081934646,-0.24122645,1
2931.4468,0.045878086,-0.005979103,1
2932.4226,0.079949655,0.0700516,1
2933.3984,0.0691344,-0.056270517,1
2934.3743,0.061268497,0.08860907,1
2935.35,0.09855157,0.061010282,1
2936.326,0.0815232,0.0026286417,1
2937.3018,0.09942425,-0.14203218,1
2938.2776,0.034370184,-0.095852494,1
2939.2534,0.067602344,-0.09035125,1
2940.2292,0.004374629,0.022396496,1
2941.205,0.07503772,0.16300169,1
2942.181,0.058489274,-0.030809965,1
2943.157,0.064813614,0.051450156,1
2944.1328,0.07557116,0.029632825,1
2945.1086,0.07465136,0.102732934,1
2946.0845,0.10967729,-0.07728861,1
2947.0603,0.04899245,-0.123251885,1
2948.0361,0.068759106,0.006413651,1
2949.012,0.051121708,-0.033104964,1
2949.9878,0.05776865,0.008695103,1
2950.9636,0.05400838,0.0842591,1
2951.9395,0.085741684,-0.09378651,1
2952.9153,0.022872357,-0.17707527,1
2953.891,0.026954768,0.16231047,1
2954.867,0.07675753,0.17248058,1
2955.8428,0.084216304,-0.1487116,1
2956.8188,0.027364755,-0.15458213,1
2957.7947,0.032874838,0.22104535,1
2958.7705,0.10074922,0.08722534,1
2959.7463,0.06183263,-0.17041805,1
2960.7222,0.04417242,0.017007943,1
2961.698,0.06747907,-0.08588436,1
2962.6738,0.01565982,0.042155303,1
2963.6497,0.08147413,0.10579055,1
2964.6255,0.050781045,0.0048566908,1
2965.6013,0.0830865,0.05049909,1
2966.5771,0.06754615,0.08754778,1
2967.553,0.11215133,0.10097267,1
2968.5288,0.10106789,-0.059613794,1
2969.5046,0.09236025,-0.20434634,1
2970.4807,0.0332062,0.033043094,1
2971.4565,0.103299215,0.23999166,1
2972.4324,0.11288062,-0.1467167,1
2973.4082,0.05459099,-0.18272279,1
2974.384,0.052218795,0.002040871,1
2975.3599,0.055268534,-0.08423556,1
2976.3357,0.024253579,-0.15210861,1
2977.3115,0.00477026,0.089985065,1
2978.2874,0.054127563,0.10540015,1
2979.2632,0.039761875,0.0037489296,1
2980.239,0.055372164,0.137699,1
2981.2148,0.085476324,0.056248058,1
2982.1907,0.07404586,-0.15292199,1
2983.1667,0.034694675,-0.1569083,1
2984.1426,0.02194097,0.08495799,1
2985.1184,0.06289973,0.10158814,1
2986.0942,0.055667043,-0.059805594,1
2987.07,0.043044977,0.021799626,1
2988.046,0.06290426,0.06354502,1
2989.0217,0.06414118,-0.08158126,1
2989.9976,0.035820242,-0.13764383,1
2990.9734,0.01844504,0.13383597,1
2991.9492,0.080252215,-0.05555931,1
2992.925,0.0,-0.108911656,1
2993.901,0.044094823,0.07026876,1
2994.8767,0.023328405,-0.030647447,1
2995.8525,0.03392023,-0.029539477,1
2996.8286,0.013512662,0.050810866,1
2997.8044,0.050776523,0.12595314,1
2998.7803,0.055327624,0.045368254,1
2999.756,0.06583825,0.16120048,1
3000.732,0.108844295,0.21222223,1
3001.7078,0.13629355,0.017567355,1
3002.6836,0.114676446,-0.116541855,1
3003.6594,0.097603016,0.00048516976,1
3004.6353,0.11483752,-0.0027679466,1
3005.611,0.09668409,0.17881975,1
3006.587,0.17420357,0.11007712,1
3007.5627,0.1332284,-0.15434092,1
3008.5386,0.1229642,0.07021208,1
3009.5144,0.156538,0.21562842,1
3010.4905,0.19456038,-0.03172998,1
3011.4663,0.14602436,-0.12282929,1
3012.4421,0.1537825,0.18953542,1
3013.418,0.2089479,0.29875827,1
3014.3938,0.25296673,-0.11344261,1
3015.3696,0.17128628,-0.38608328,1
3016.3455,0.12479163,-0.24824674,1
3017.3213,0.088871285,-0.12263177,1
3018.297,0.08407932,0.08514473,1
3019.273,0.11713833,0.1584046,1
3020.2488,0.13666779,0.32079625,1
3021.2246,0.22363892,0.25077102,1
3022.2004,0.21992081,-0.18136966,1
3023.1763,0.16342632,-0.30700216,1
3024.1523,0.11798972,-0.07485959,1
3025.1282,0.13855422,0.15712184,1
3026.104,0.17015232,0.25263378,1
3027.0798,0.22242567,-0.0032160839,1
3028.0557,0.16908462,-0.17058624,1
3029.0315,0.16579303,-0.05208429,1
3030.0073,0.15179324,-0.18351063,1
3030.9832,0.104869656,-0.11981032,1
3031.959,0.112017624,-0.105263814,1
3032.9348,0.069923304,-0.01759878,1
3033.9106,0.106175035,0.18140423,1
3034.8865,0.13014738,0.060507134,1
3035.8623,0.1262627,-0.011525596,1
3036.8381,0.12632102,-0.0057675065,1
3037.8142,0.124347195,0.030861957,1
3038.79,0.13656457,0.0011050676,1
3039.7659,0.12471406,-0.041687895,1
3040.7417,0.12272469,-0.079296894,1
3041.7175,0.098388426,-0.14227843,1
3042.6934,0.075489916,0.12812462,1
3043.6692,0.1409243,0.21957257,1
3044.645,0.14838544,-0.04451797,1
3045.6208,0.12614486,-0.13746926,1
3046.5967,0.102747254,-0.022578768,1
3047.5725,0.11864897,0.12686715,1
3048.5483,0.14486565,-0.109190285,1
3049.5242,0.08239908,-0.122667775,1
3050.5,0.10414139,0.038638163,1
3051.476,0.095220424,0.1400907,1
3052.452,0.1506396,0.051217623,1
3053.4277,0.11222407,-0.20780902,1
3054.4036,0.08164944,-0.039794803,1
3055.3794,0.099012665,0.040971573,1
3056.3552,0.095251516,-0.06910161,1
3057.331,0.07607174,0.04447415,1
3058.307,0.11001641,0.096022114,1
3059.2827,0.10794996,0.033652198,1
3060.2585,0.12118855,0.16887273,1
3061.2344,0.16401373,0.076274075,1
3062.2102,0.14651065,-0.11491406,1
3063.186,0.12586361,-0.003464691,1
3064.162,0.1453703,-0.039380744,1
3065.138,0.11280106,-0.0833902,1
3066.1138,0.11768573,0.12307671,1
3067.0896,0.15366109,0.10165071,1
3068.0654,0.15143257,-0.075101405,1
3069.0413,0.1287283,0.014860202,1
3070.017,0.15636599,0.14588788,1
3070.993,0.17716137,0.12996934,1
3071.9688,0.19951428,0.0077051194,1
3072.9446,0.17971937,-0.07973726,1
3073.9204,0.17304245,0.04154226,1
3074.8962,0.19351092,0.06493312,1
3075.872,0.19459948,-0.097539224,1
3076.848,0.16112904,0.053041577,1
3077.824,0.21223201,-0.0054597696,1
3078.7998,0.15934224,-0.09705191,1
3079.7756,0.18001191,0.1380302,1
3080.7515,0.20516665,0.011927852,1
3081.7273,0.18397182,-0.025914995,1
3082.7031,0.19656317,-0.060150452,1
3083.679,0.16400257,-0.17982519,1
3084.6548,0.13686332,-0.0407635,1
3085.6306,0.15046957,0.22172898,1
3086.6064,0.21047474,0.12387238,1
3087.5823,0.19159374,-0.11144473,1
3088.558,0.1734764,-0.020500952,1
3089.534,0.18478766,-0.0008258442,1
3090.5098,0.17320223,-0.0312982,1
3091.4858,0.17439891,-0.024602447,1
3092.4617,0.16503614,-0.005257546,1
3093.4375,0.17265347,0.14463267,1
3094.4133,0.2130525,0.10634442,1
3095.3892,0.20795856,0.07266005,1
3096.365,0.23717478,0.06624094,1
3097.3408,0.22994977,-0.024808832,1
3098.3167,0.22893853,-0.0048834085,1
3099.2925,0.22832854,-0.17513643,1
3100.2683,0.17079529,-0.2578465,1
3101.2441,0.14272653,0.019938914,1
3102.22,0.17741479,0.10412855,1
3103.1958,0.17729598,-0.027980765,1
3104.1716,0.1681255,-0.041657366,1
3105.1477,0.16346562,-0.10000769,1
3106.1235,0.13492595,-0.072345614,1
3107.0994,0.13944772,0.049841568,1
3108.0752,0.15147276,0.06990461,1
3109.051,0.16265523,0.026268765,1
3110.0269,0.16019368,0.19378337,1
3111.0027,0.22698905,0.40678158,1
3111.9785,0.2952404,0.19906975,1
3112.9543,0.29307786,-0.04734656,1
3113.9302,0.27952188,-0.08523964,1
3114.906,0.2647793,-0.3315556,1
3115.8818,0.16944933,-0.45761463,1
3116.8577,0.11285661,-0.08323292,1
3117.8335,0.14181697,0.16999565,1
3118.8096,0.16929986,0.30197296,1
3119.7854,0.24206966,0.40664208,1
3120.7612,0.30430025,0.048868775,1
3121.737,0.2582935,-0.09593703,1
3122.713,0.2724503,-0.18893912,1
3123.6887,0.19556795,-0.13383327,1
3124.6646,0.22801921,0.16142894,1
3125.6404,0.24916047,0.2741509,1
3126.6162,0.3190341,0.077715814,1
3127.592,0.2749612,-0.077997886,1
3128.5679,0.29313973,0.10029423,1
3129.5437,0.3082577,0.052097343,1
3130.5195,0.3104354,0.0249733,1
3131.4956,0.31655055,0.011795709,1
3132.4714,0.31435403,0.020400519,1
3133.4473,0.32332328,0.055120926,1
3134.423,0.33265352,0.049010687,1
3135.399,0.33959427,-0.040806293,1
3136.3748,0.3191063,0.09868345,1
3137.3506,0.372356,0.1533182,1
3138.3264,0.37000614,-0.12327464,1
3139.3022,0.3314303,0.03036645,1
3140.278,0.38008747,0.035544194,1
3141.254,0.34323052,0.022648847,1
3142.2297,0.38760662,0.08410707,1
3143.2056,0.3711531,-0.11212682,1
3144.1814,0.35038182,0.020431355,1
3145.1575,0.377949,-0.054762557,1
3146.1333,0.33221737,-0.09566959,1
3147.1091,0.34618783,-0.10435157,1
3148.085,0.2975739,0.054777186,1
3149.0608,0.3643732,-0.07125719,1
3150.0366,0.27391732,-0.18382227,1
3151.0125,0.30334637,0.26902905,1
3151.9883,0.3632318,0.12932155,1
3152.964,0.3462796,-0.102326974,1
3153.94,0.32926047,-0.013594301,1
3154.9158,0.34176645,-0.03889461,1
3155.8916,0.31634793,-0.06424958,1
3156.8674,0.32043636,-0.12965119,1
3157.8433,0.27330524,-0.12441536,1
3158.8193,0.27914,0.06665305,1
3159.7952,0.29543343,0.08020872,1
3160.771,0.30576834,0.098273486,1
3161.7468,0.32805908,0.14106636,1
3162.7227,0.35260072,0.045784485,1
3163.6985,0.343259,0.17781846,1
3164.6743,0.41163436,0.22534548,1
3165.6501,0.41807106,-0.07012584,1
3166.626,0.3883534,-0.14489718,1
3167.6018,0.3699669,0.0029918728,1
3168.5776,0.3893467,0.18581674,1
3169.5535,0.43165588,0.15952866,1
3170.5293,0.4423083,0.10502425,1
3171.5051,0.4665227,0.1047625,1
3172.4812,0.47708917,-0.066765964,1
3173.457,0.44436526,-0.041040186,1
3174.4329,0.46346432,-0.042639226,1
3175.4087,0.43020955,-0.1327395,1
3176.3845,0.41939634,-0.16647284,1
3177.3604,0.3749425,-0.04277343,1
3178.3362,0.40519607,0.17158146,1
3179.312,0.43190554,-0.0010738821,1
3180.2878,0.40483955,0.03413235,1
3181.2637,0.44323707,0.40683883,1
3182.2395,0.53990525,0.47202256,1
3183.2153,0.59994304,-0.11329995,1
3184.1912,0.502291,-0.5183155,1
3185.167,0.42786837,-0.14740594,1
3186.143,0.45337284,0.35357195,1
3187.119,0.5452482,0.4031933,1
3188.0947,0.58722824,0.017621338,1
3189.0706,0.5510983,-0.07991491,1
3190.0464,0.56069744,-0.09188695,1
3191.0222,0.5205929,-0.17009929,1
3191.998,0.5042265,-0.081259735,1
3192.9739,0.49361566,-0.06492559,1
3193.9497,0.48267195,-0.09722176,1
3194.9255,0.46133915,0.04891976,1
3195.9014,0.49891275,-0.12572199,1
3196.8772,0.4196009,-0.17620128,1
3197.853,0.44041598,0.050419286,1
3198.829,0.43633536,-0.02651365,1
3199.805,0.43161285,0.1102401,1
3200.7808,0.4729338,0.11398156,1
3201.7566,0.4694534,0.044670656,1
3202.7324,0.4877639,0.04733307,1
3203.7083,0.4851674,0.032495204,1
3204.684,0.49855196,-0.052202374,1
3205.66,0.46783686,-0.012066654,1
3206.6357,0.49454594,-0.023100598,1
3207.6116,0.4601677,0.066257276,1
3208.5874,0.5165426,0.16752052,1
3209.5632,0.5157826,-0.1064551,1
3210.539,0.48120075,-0.19597802,1
3211.515,0.45072016,0.008700118,1
3212.491,0.4841054,0.28134862,1
3213.4668,0.5441296,0.15422906,1
3214.4426,0.53530765,-0.10677747,1
3215.4185,0.50868076,-0.1541878,1
3216.3943,0.48411912,0.010975515,1
3217.37,0.5123245,-0.06343219,1
3218.346,0.46306035,-0.07687179,1
3219.3218,0.48680395,0.095518045,1
3220.2976,0.49477124,-0.044760797,1
3221.2734,0.47194389,-0.035410166,1
3222.2493,0.48301548,-0.10647893,1
3223.225,0.43659413,0.09708879,1
3224.201,0.5152478,0.07055035,1
3225.1768,0.46001604,-0.075025454,1
3226.1528,0.49035856,0.0729384,1
3227.1287,0.4842429,-0.020389043,1
3228.1045,0.48358965,-0.0035324492,1
3229.0803,0.48307014,0.0878629,1
3230.0562,0.5127591,0.12798584,1
3231.032,0.52555996,-0.033710912,1
3232.0078,0.5015675,-0.051856443,1
3232.9836,0.50834423,-0.08819464,1
3233.9595,0.47228786,-0.11577253,1
3234.9353,0.46990907,-0.024161253,1
3235.9111,0.46426663,0.016668342,1
3236.887,0.47544277,0.0053470726,1
3237.8628,0.4660418,-0.092345454,1
3238.8386,0.44478518,0.021702247,1
3239.8147,0.47326002,-0.06005803,1
3240.7905,0.42486337,-0.09513681,1
3241.7664,0.44167572,-0.054453418,1
3242.7422,0.40678546,-0.13145827,1
3243.718,0.3980331,-0.088662766,1
3244.6938,0.37735048,-0.16008255,1
3245.6697,0.34488758,-0.10053679,1
3246.6455,0.34397343,0.13089412,1
3247.6213,0.38834292,0.06073036,1
3248.5972,0.3641352,-0.16517742,1
3249.573,0.33350596,-0.12128657,1
3250.5488,0.32386947,0.0054049757,1
3251.5247,0.33530033,0.43791026,1
3252.5005,0.46925056,0.8712716,1
3253.4766,0.6245938,0.52482194,1
3254.4524,0.6435412,0.18887466,1
3255.4282,0.687298,0.26031765,1
3256.404,0.7299636,0.039111946,1
3257.38,0.7002827,-0.056134276,1
3258.3557,0.7113277,0.059115987,1
3259.3315,0.7199085,-0.012178781,1
3260.3074,0.70728445,-0.4282767,1
3261.2832,0.57772565,-0.6767709,1
3262.259,0.48260444,-0.23369196,1
3263.2349,0.5001427,0.5116256,1
3264.2107,0.65245813,1.0,1
3265.1865,0.83213097,0.33379996,1
3266.1626,0.7632274,-0.15866615,1
3267.1384,0.7794278,-0.014896468,1
3268.1143,0.75828195,-0.19478236,1
3269.09,0.7147624,-0.030340258,1
3270.066,0.74820936,-0.00609745,1
3271.0417,0.7127381,-0.10758181,1
3272.0176,0.7124935,-0.052562844,1
3272.9934,0.6952879,-0.051473282,1
3273.9692,0.69540495,-0.019416953,1
3274.945,0.68884164,-0.029852154,1
3275.921,0.68549436,-0.22350308,1
3276.8967,0.61464125,-0.4064569,1
3277.8726,0.55055547,-0.286697,1
3278.8484,0.5194612,0.13607985,1
3279.8245,0.5957649,0.21829827,1
3280.8003,0.5919628,0.14553498,1
3281.7761,0.6440808,0.0819078,1
3282.752,0.6191552,-0.07839015,1
3283.7278,0.6180562,0.011916684,1
3284.7036,0.6231114,-0.0009211962,1
3285.6794,0.61775035,0.11390737,1
3286.6553,0.66092736,0.115613624,1
3287.631,0.6561327,0.0007808618,1
3288.607,0.6611866,0.103127725,1
3289.5828,0.6903699,0.094445385,1
3290.5586,0.69254136,0.033607893,1
3291.5344,0.70152736,0.15646197,1
3292.5103,0.7444849,0.048112966,1
3293.4863,0.7174848,-0.11822006,1
3294.4622,0.7052286,0.027991189,1
3295.438,0.7267775,0.16505127,1
3296.4138,0.7600237,0.07452527,1
3297.3896,0.751519,-0.062477004,1
3298.3655,0.7392821,-0.07018226,1
3299.3413,0.72821933,-0.012948956,1
3300.3171,0.73498315,-0.002224151,1
3301.293,0.72748095,-0.05663009,1
3302.2688,0.71618265,-0.0074843247,1
3303.2446,0.7249962,0.043404143,1
3304.2205,0.7305923,-0.047929358,1
3305.1963,0.7090842,0.00508042,1
3306.172,0.73227894,-0.0023445126,1
3307.1482,0.7082939,-0.0099917725,1
3308.124,0.72895026,-0.1277078,1
3309.0999,0.6658964,-0.039789263,1
3310.0757,0.7157407,0.11727767,1
3311.0515,0.70483124,-0.29351258,1
3312.0273,0.618298,-0.015204293,1
3313.0032,0.69978356,0.2647027,1
3313.979,0.70617616,-0.17107163,1
3314.9548,0.6429898,-0.10134648,1
3315.9307,0.6725303,0.068112805,1
3316.9065,0.66560245,0.026619382,1
3317.8823,0.68136764,-0.03469728,1
3318.8582,0.6540834,-0.12093249,1
3319.834,0.6412195,-0.08959921,1
3320.81,0.6243327,-0.002459268,1
3321.786,0.64039475,0.021695415,1
3322.7617,0.63153535,0.0998077,1
3323.7375,0.67352974,0.20553572,1
3324.7134,0.6997708,-0.04560219,1
3325.6892,0.65839034,-0.08125027,1
3326.665,0.67279667,-0.056391295,1
3327.6409,0.6396691,-0.17221867,1
3328.6167,0.61562204,-0.03345845,1
3329.5925,0.6285613,0.036971714,1
3330.5684,0.62789625,-0.15258482,1
3331.5442,0.57790494,-0.13804768,1
3332.52,0.58206606,-0.014179029,1
3333.496,0.57319385,-0.09273948,1
3334.472,0.5512771,-0.18054517,1
3335.4478,0.513255,-0.016118832,1
3336.4236,0.54592586,0.12111505,1
3337.3994,0.55346376,-0.09968664,1
3338.3752,0.51283103,-0.14969999,1
3339.351,0.5037651,-0.07198786,1
3340.327,0.48893192,0.17753577,1
3341.3027,0.5627049,0.25421828,1
3342.2786,0.5733294,0.19773902,1
3343.2544,0.628352,0.006318901,1
3344.2302,0.5754272,0.047002204,1
3345.206,0.6439561,0.04635975,1
3346.182,0.5908181,-0.13673772,1
3347.158,0.59857035,0.08068456,1
3348.1338,0.61760503,0.029474074,1
3349.1096,0.6083554,0.020035405,1
3350.0854,0.62425655,0.16898625,1
3351.0613,0.66445684,-0.010558717,1
3352.037,0.6207512,-0.1766046,1
3353.013,0.6058262,0.008626797,1
3353.9888,0.6236152,0.13121422,1
3354.9646,0.6493878,0.10906154,1
3355.9404,0.65982234,0.032195967,1
3356.9163,0.6600765,-0.06330377,1
3357.892,0.6388062,0.10342538,1
3358.868,0.69441247,0.1554693,1
3359.8438,0.6904202,-0.011703467,1
3360.8198,0.6905276,0.118849024,1
3361.7957,0.72987187,-0.06004069,1
3362.7715,0.6705948,-0.017235374,1
3363.7473,0.72414994,0.1432283,1
3364.7231,0.7181449,-0.0355936,1
3365.699,0.71233326,0.08606842,1
3366.6748,0.74671865,0.09311843,1
3367.6506,0.7432475,0.08610381,1
3368.6265,0.7753041,-0.034778748,1
3369.6023,0.7317014,0.01156979,1
3370.5781,0.7791451,0.19767524,1
3371.554,0.7973272,-0.01468693,1
3372.5298,0.7742692,-0.09594439,1
3373.5056,0.7654748,-0.10964582,1
3374.4817,0.7378588,-0.033212293,1
3375.4575,0.75443625,0.023476662,1
3376.4333,0.74565274,0.13444524,1
3377.4092,0.7990705,-0.06984482,1
3378.385,0.7224651,-0.1838347,1
3379.3608,0.7380395,0.10974201,1
3380.3367,0.75889814,-0.082093336,1
3381.3125,0.7107855,-0.118342705,1
3382.2883,0.7196098,0.0088931,1
3383.2642,0.7137379,-0.033832323,1
3384.24,0.70837784,0.006661065,1
3385.2158,0.7159493,-0.034902263,1
3386.1917,0.6967907,-0.004140127,1
3387.1675,0.7145748,0.043772765,1
3388.1436,0.71131927,-0.02401908,1
3389.1194,0.7066002,0.0934196,1
3390.0952,0.7423335,0.038953215,1
3391.071,0.7195322,-0.11020506,1
3392.0469,0.70574665,0.056965772,1
3393.0227,0.73844415,0.048892077,1
3393.9985,0.72197825,-0.07378102,1
3394.9744,0.71394974,-0.0714959,1
3395.9502,0.6982425,-0.0011662996,1
3396.926,0.71356255,-0.04145295,1
3397.9019,0.68448055,0.058570944,1
3398.8777,0.7330074,-0.053085465,1
3399.8535,0.6668568,-0.1006858,1
3400.8296,0.6996014,0.09223122,1
3401.8054,0.6974891,0.011936306,1
3402.7812,0.7035641,0.057955295,1
3403.757,0.7167295,0.13329454,1
3404.733,0.7478163,-0.2063462,1
3405.7087,0.648225,-0.11098014,1
3406.6846,0.71097225,0.20345034,1
3407.6604,0.71576816,-0.065902494,1
3408.6362,0.6890934,-0.10130863,1
3409.612,0.68213487,0.08214677,1
3410.588,0.71636516,0.062318627,1
3411.5637,0.70282394,-0.105293535,1
3412.5396,0.68140894,-0.01812626,1
3413.5154,0.69680625,0.036804225,1
3414.4915,0.6936244,-0.1000027,1
3415.4673,0.66360915,0.0096893795,1
3416.443,0.6968411,0.15869488,1
3417.419,0.71629393,0.028869111,1
3418.3948,0.7064253,-0.13265243,1
3419.3706,0.6722549,-0.020477606,1
3420.3464,0.699627,-0.011874987,1
3421.3223,0.66831255,-0.09681285,1
3422.298,0.66748625,-0.009045523,1
3423.274,0.66530955,0.02820353,1
3424.2498,0.67684954,0.023879971,1
3425.2256,0.67323744,0.053780653,1
3426.2014,0.69470406,0.005866888,1
3427.1772,0.67518514,-0.06351401,1
3428.1533,0.6736199,0.042522017,1
3429.1292,0.68929946,-0.0028296385,1
3430.105,0.6726805,-0.17138699,1
3431.0808,0.632401,-0.14256974,1
3432.0566,0.625349,0.031517595,1
3433.0325,0.64286447,0.0009056035,1
3434.0083,0.6256497,0.026647588,1
3434.9841,0.65171117,-0.09143547,1
3435.96,0.5952942,0.0042632916,1
3436.9358,0.65312654,-0.1581013,1
3437.9116,0.5428064,-0.34756866,1
3438.8875,0.5377378,-0.20679033,1
3439.8633,0.4741544,-0.12196494,1
3440.839,0.4972469,0.06305446,1
3441.8152,0.49508408,0.027656209,1
3442.791,0.5064262,-0.064676106,1
3443.7668,0.4736124,-0.12683406,1
3444.7427,0.46431878,-0.1741667,1
3445.7185,0.4157911,-0.07682633,1
3446.6943,0.43881333,0.15625069,1
3447.6702,0.46766448,0.22972861,1
3448.646,0.5150805,-0.051835947,1
3449.6218,0.45045555,-0.09842547,1
3450.5977,0.48240444,0.13544562,1
3451.5735,0.49542192,-0.0037770271,1
3452.5493,0.4811505,0.05790939,1
3453.5251,0.5146471,0.16470245,1
3454.501,0.5358298,-0.031301748,1
3455.477,0.50424075,-0.0047386065,1
3456.453,0.5342411,0.16308607,1
3457.4287,0.5583834,-0.04218949,1
3458.4045,0.5202347,-0.06121347,1
3459.3804,0.53806126,0.16330332,1
3460.3562,0.5744495,0.12293011,1
3461.332,0.5788726,-0.034940105,1
3462.3079,0.56284976,0.10975637,1
3463.2837,0.61531043,-0.027252551,1
3464.2595,0.55380225,-0.011256359,1
3465.2354,0.61157346,0.057903435,1
3466.2112,0.57302547,-0.13784042,1
3467.187,0.56581205,-0.21261044,1
3468.163,0.50241846,-0.12917964,1
3469.139,0.5228996,0.09632545,1
3470.1147,0.53439736,-0.17028333,1
3471.0906,0.46636757,-0.29228997,1
3472.0664,0.43736053,0.12207085,1
3473.0422,0.50689363,0.12511545,1
3474.018,0.4788974,-0.14077142,1
3474.994,0.4601592,-0.018394053,1
3475.9697,0.47279078,-0.09695476,1
3476.9456,0.42797136,-0.29713982,1
3477.9214,0.37414387,-0.15718335,1
3478.8972,0.37578833,0.012018211,1
3479.873,0.37813377,0.044222675,1
3480.8489,0.39046973,-0.08654067,1
3481.825,0.3493863,-0.11999763,1
3482.8008,0.35061637,-0.09616041,1
3483.7766,0.31746218,-0.06998533,1
3484.7524,0.32738206,0.032637555,1
3485.7283,0.32829747,0.14671074,1
3486.704,0.37608832,-0.0033684631,1
3487.68,0.3271792,-0.14842927,1
3488.6558,0.32681152,0.0069330614,1
3489.6316,0.3294809,-0.07394369,1
3490.6074,0.30226308,0.07669467,1
3491.5833,0.35494262,0.34644407,1
3492.559,0.41727847,0.15567358,1
3493.535,0.4066244,0.0919262,1
3494.5107,0.44779688,0.09167243,1
3495.4868,0.43704936,-0.060573556,1
3496.4626,0.42768434,0.14484523,1
3497.4385,0.48513627,0.22301726,1
3498.4143,0.50172347,0.059829485,1
3499.3901,0.504999,-0.020178366,1
3500.366,0.49502447,0.0019666085,1
3501.3418,0.50565183,0.115483455,1
3502.3176,0.53336364,0.08847338,1
3503.2935,0.535024,0.12946048,1
3504.2693,0.576343,0.15659793,1
3505.245,0.58701265,0.006617791,1
3506.221,0.57854,-0.14866316,1
3507.1968,0.5376582,-0.06858882,1
3508.1726,0.5557693,-0.07713713,1
3509.1487,0.5120309,-0.032885723,1
3510.1245,0.54483116,0.12291995,1
3511.1003,0.55283886,0.017292488,1
3512.0762,0.55057204,-0.15037118,1
3513.052,0.5029174,-0.1618623,1
3514.0278,0.49683562,0.0009404681,1
3515.0037,0.5032296,0.004717758,1
3515.9795,0.49840188,-0.10743893,1
3516.9553,0.46756116,-0.070729576,1
3517.9312,0.47492048,-0.03907086,1
3518.907,0.45459008,-0.18154354,1
3519.8828,0.41465017,-0.020651316,1
3520.8586,0.4477341,0.09151273,1
3521.8345,0.44503132,0.04506109,1
3522.8105,0.46270078,0.074544184,1
3523.7864,0.4697849,-0.13237527,1
3524.7622,0.41875374,-0.22408825,1
3525.738,0.3953902,-0.1669302,1
3526.7139,0.3633349,0.0049050455,1
3527.6897,0.3970186,0.048710484,1
3528.6655,0.3795062,0.004660205,1
3529.6414,0.39856577,0.09717884,1
3530.6172,0.41176844,0.116371885,1
3531.593,0.43719986,-0.06627173,1
3532.5688,0.389767,-0.2356441,1
3533.5447,0.35896876,-0.096896246,1
3534.5205,0.35759857,0.034621157,1
3535.4966,0.37046757,-0.077923074,1
3536.4724,0.33173874,-0.13138346,1
3537.4482,0.3268498,0.055417977,1
3538.424,0.35013688,-0.023864202,1
3539.4,0.31892717,-0.056458045,1
3540.3757,0.33139345,0.07411819,1
3541.3516,0.34353355,0.11999632,1
3542.3274,0.37123084,0.022703772,1
3543.3032,0.3510709,-0.010724805,1
3544.279,0.36767033,-0.09405303,1
3545.255,0.31984642,-0.08920229,1
3546.2307,0.3380562,0.127031,1
3547.2065,0.3620192,0.1350545,1
3548.1824,0.3828927,-0.03519765,1
3549.1584,0.35031915,-0.039802227,1
3550.1343,0.3696642,0.15821019,1
3551.11,0.4028431,-0.004403889,1
3552.086,0.36820215,-0.050185833,1
3553.0618,0.38618198,0.15884143,1
3554.0376,0.42093563,0.07394229,1
3555.0134,0.41072994,0.03552886,1
3555.9893,0.4327308,-0.04826145,1
3556.965,0.3947077,-0.078714274,1
3557.941,0.4065986,0.1307573,1
3558.9167,0.4381176,-0.13698028,1
3559.8926,0.36112273,-0.043278527,1
3560.8684,0.42374963,0.29331505,1
3561.8442,0.4584999,0.075063474,1
3562.8203,0.44866177,-0.14543967,1
3563.7961,0.4102168,-0.17028175,1
3564.772,0.39213023,0.0028241198,1
3565.7478,0.4111544,0.16808993,1
3566.7236,0.44793412,0.0026871143,1
3567.6995,0.4120465,-0.110425636,1
3568.6753,0.4112741,0.028966784,1
3569.6511,0.4216631,0.06475302,1
3570.627,0.43277133,-0.025032692,1
3571.6028,0.41335255,-0.104665704,1
3572.5786,0.39802355,0.13187568,1
3573.5544,0.45713374,-0.00069080957,1
3574.5303,0.39779422,-0.20492569,1
3575.506,0.38910082,0.077674724,1
3576.4822,0.42359534,0.103254564,1
3577.458,0.4233931,-0.095786795,1
3578.4338,0.39179525,-0.063978195,1
3579.4097,0.40215307,0.17218205,1
3580.3855,0.44895765,0.068799846,1
3581.3613,0.4249938,0.035347093,1
3582.3372,0.46069247,0.010245724,1
3583.313,0.42839527,-0.1636368,1
3584.2888,0.40636697,-0.014066638,1
3585.2646,0.42372534,-0.0009733179,1
3586.2405,0.40604386,0.035503373,1
3587.2163,0.43551204,0.012886147,1
3588.1921,0.4103219,-0.05862797,1
3589.168,0.41604823,0.110700786,1
3590.144,0.44708416,0.039743274,1
3591.1199,0.4292564,0.0525349,1
3592.0957,0.46452513,0.02835972,1
3593.0715,0.4386715,-0.17442013,1
3594.0474,0.4066197,-0.043313917,1
3595.0232,0.4242918,-0.12108194,1
3595.999,0.3664219,-0.22560301,1
3596.9749,0.34939423,-0.09358008,1
3597.9507,0.33535442,-0.12397228,1
3598.9265,0.3082369,0.03387866,1
3599.9023,0.34660175,0.11446914,1
3600.8782,0.3462393,0.1483895,1
3601.854,0.39586532,0.034020048,1
3602.83,0.35751295,-0.15871626,1
3603.806,0.3431608,0.118757576,1
3604.7817,0.3969391,0.07776189,1
3605.7576,0.36897686,-0.070689805,1
3606.7334,0.3734709,-0.047364518,1
3607.7092,0.35325238,-0.17764808,1
3608.685,0.3144938,0.013440914,1
3609.661,0.35771462,0.027935214,1
3610.6367,0.323768,-0.033376455,1
3611.6125,0.34663403,0.034020927,1
3612.5884,0.33506253,-0.010894748,1
3613.5642,0.3430171,0.13438523,1
3614.54,0.37967685,0.01365422,1
3615.5159,0.34755012,-0.11586986,1
3616.492,0.34121105,-0.058394607,1
3617.4678,0.32816306,-0.093731366,1
3618.4436,0.31009334,-0.063943155,1
3619.4194,0.30693468,0.061442982,1
3620.3953,0.3304917,0.09012848,1
3621.371,0.33685628,-0.0076639038,1
3622.347,0.32794735,-0.008657632,1
3623.3228,0.33398205,0.09259774,1
3624.2986,0.3586887,0.15639347,1
3625.2744,0.38590285,0.117309466,1
3626.2502,0.3976341,0.10738602,1
3627.226,0.42155373,-0.024405742,1
3628.202,0.38953167,-0.019049823,1
3629.1777,0.4152294,0.058895063,1
3630.1538,0.4090786,-0.10675224,1
3631.1296,0.3797903,-0.06441873,1
3632.1055,0.38769233,-0.022358367,1
3633.0813,0.3723676,-0.08041843,1
3634.0571,0.36099437,-0.02356759,1
3635.033,0.3645434,0.08360714,1
3636.0088,0.38875097,-0.13066287,1
3636.9846,0.32116488,-0.14829691,1
3637.9604,0.33951813,-0.035627063,1
3638.9363,0.3093371,-0.13351625,1
3639.912,0.2951923,-0.06441111,1
3640.888,0.28795338,0.010134121,1
3641.8638,0.29855672,0.0088733025,1
3642.8396,0.29089922,-0.016115326,1
3643.8157,0.29320842,0.07352541,1
3644.7915,0.31530693,-0.01337469,1
3645.7673,0.28876817,-0.15921776,1
3646.7432,0.2624485,-0.21886005,1
3647.719,0.2161092,-0.021905303,1
3648.6948,0.2551762,0.075782314,1
3649.6707,0.24126804,-0.025609972,1
3650.6465,0.24667397,-0.013499869,1
3651.6223,0.23678625,0.044764828,1
3652.5981,0.26153538,0.41790414,1
3653.574,0.3755255,0.5405107,1
3654.5498,0.4409786,-0.0037706322,1
3655.5256,0.37427372,-0.14994194,1
3656.5015,0.39119965,0.1305921,1
3657.4775,0.41763654,-0.097438045,1
3658.4534,0.35886866,-0.07452605,1
3659.4292,0.39289477,0.15003935,1
3660.405,0.40867996,0.1739576,1
3661.3809,0.45064664,-0.00016258465,1
3662.3567,0.408626,-0.13792495,1
3663.3325,0.4048572,-0.0618476,1
3664.3083,0.3880933,-0.008998745,1
3665.2842,0.4018697,0.035384234,1
3666.26,0.39984044,0.09111591,1
3667.2358,0.43211913,0.0013937078,1
3668.2117,0.40030316,-0.12259881,1
3669.1875,0.39141774,-0.02869654,1
3670.1636,0.3907771,0.08743401,1
3671.1394,0.42044085,0.15065105,1
3672.1152,0.4407915,0.16096003,1
3673.091,0.4738777,-0.04198118,1
3674.067,0.42685422,-0.08107945,1
3675.0427,0.44696027,-0.032574832,1
3676.0186,0.41603976,0.0030128967,1
3676.9944,0.44796053,0.0008994715,1
3677.9702,0.41633838,-0.08376561,1
3678.946,0.42015132,-0.0071372557,1
3679.9219,0.4139689,-0.119400725,1
3680.8977,0.38051167,-0.035749,1
3681.8735,0.40210065,0.07641698,1
3682.8494,0.40588123,0.09448393,1
3683.8254,0.43347806,0.038204852,1
3684.8013,0.418577,-0.053253043,1
3685.777,0.41579866,-0.09115112,1
3686.753,0.3883159,0.013319502,1
3687.7288,0.42022058,0.010408133,1
3688.7046,0.39177126,-0.26350433,1
3689.6804,0.33274025,-0.1714965,1
3690.6562,0.33483645,-0.023109883,1
3691.632,0.32506803,-0.18368289,1
3692.608,0.27385587,-0.18031313,1
3693.5837,0.2652062,-0.012609595,1
3694.5596,0.26966965,0.023943568,1
3695.5354,0.27315518,-0.17844296,1
3696.5112,0.21042867,0.112113856,1
3697.4873,0.31042102,0.02228807,1
3698.4631,0.21787715,-0.23925868,1
3699.439,0.23098995,0.1307962,1
3700.4148,0.26129997,0.15286824,1
3701.3906,0.28174043,-0.01760224,1
3702.3665,0.2554562,-0.12355119,1
3703.3423,0.24072286,-0.23497792,1
3704.318,0.1774463,-0.24744779,1
3705.294,0.1585731,0.12446394,1
3706.2698,0.21876687,0.32018322,1
3707.2456,0.26487017,0.19285513,1
3708.2214,0.2827925,-0.044040553,1
3709.1973,0.25024924,-0.11861194,1
3710.173,0.24341474,0.008208686,1
3711.1492,0.25297886,-0.052776676,1
3712.125,0.22590049,-0.063626006,1
3713.1008,0.23185578,0.0306589,1
3714.0767,0.23607889,0.01996769,1
3715.0525,0.23848481,0.07601419,1
3716.0283,0.2613147,0.046874356,1
3717.0042,0.25404656,-0.0052458076,1
3717.98,0.25957316,0.045266245,1
3718.9558,0.2690744,0.037277523,1
3719.9316,0.27194884,-0.14547345,1
3720.9075,0.22077894,0.03899123,1
3721.8833,0.28489348,0.13371164,1
3722.8591,0.26516965,0.07385486,1
3723.835,0.30941245,0.15774661,1
3724.811,0.3175372,0.17022814,1
3725.7869,0.3659232,0.005836316,1
3726.7627,0.3194748,-0.103333056,1
3727.7385,0.33161783,0.121507585,1
3728.7144,0.35981387,-0.05221087,1
3729.6902,0.3142844,0.038016863,1
3730.666,0.37243503,0.11503626,1
3731.6418,0.3524751,0.033765398,1
3732.6177,0.38364473,0.15530285,1
3733.5935,0.40403384,0.02237361,1
3734.5693,0.3910725,-0.2053558,1
3735.5452,0.33585814,-0.103231356,1
3736.521,0.3568009,0.10967088,1
3737.497,0.3722708,0.03734883,1
3738.473,0.3692065,0.06966621,1
3739.4487,0.39539915,0.18843044,1
3740.4246,0.43176317,0.17601584,1
3741.4004,0.45383435,0.029870812,1
3742.3762,0.44167995,-0.15098341,1
3743.352,0.40370965,-0.2855193,1
3744.328,0.34689087,-0.32544428,1
3745.3037,0.29566595,-0.15077904,1
3746.2795,0.296834,0.025426626,1
3747.2554,0.3041073,0.14114985,1
3748.2312,0.3436941,0.27175462,1
3749.207,0.39432666,0.1563446,1
3750.1829,0.39559868,-0.2639908,1
3751.159,0.30665126,-0.063118756,1
3752.1348,0.37460214,0.21996608,1
3753.1106,0.37967744,-0.03938499,1
3754.0864,0.3615268,-0.0133322915,1
3755.0623,0.37525126,-0.04704364,1
3756.038,0.34590885,-0.0037220146,1
3757.014,0.3740156,0.021098774,1
3757.9897,0.35291338,-0.27898955,1
3758.9656,0.28139433,-0.14629552,1
3759.9414,0.30434498,0.08132035,1
3760.9172,0.30839175,-0.025709923,1
3761.893,0.2958096,0.0023399575,1
3762.869,0.30916858,-0.034132965,1
3763.8447,0.28447786,-0.128458,1
3764.8208,0.26651838,-0.014961905,1
3765.7966,0.27950233,0.13889468,1
3766.7725,0.3126298,-0.053069435,1
3767.7483,0.26188388,-0.036758233,1
3768.724,0.30042648,0.00693858,1
3769.7,0.26418743,-0.03214954,1
3770.6758,0.2897532,0.15105525,1
3771.6516,0.314336,-0.08575525,1
3772.6274,0.26128346,-0.09080773,1
3773.6033,0.2841889,-0.0034012252,1
3774.579,0.2601543,0.020884156,1
3775.555,0.2911222,-0.039993983,1
3776.5308,0.24687678,-0.18425938,1
3777.5066,0.22995023,0.057547607,1
3778.4827,0.26599756,-0.002480073,1
3779.4585,0.22914502,-0.1341471,1
3780.4343,0.22146231,-0.12433341,1
3781.4102,0.18786779,-0.09474997,1
3782.386,0.19000643,-0.0493638,1
3783.3618,0.17147958,-0.026257902,1
3784.3376,0.18128912,0.03610851,1
3785.3135,0.18346718,0.044664484,1
3786.2893,0.1961172,-0.050488096,1
3787.2651,0.16670573,-0.1579491,1
3788.241,0.14367995,-0.009176572,1
3789.2168,0.16365921,0.07661819,1
3790.1926,0.16911629,-0.040149253,1
3791.1685,0.15033013,-0.035905585,1
3792.1445,0.15720098,0.032669,1
3793.1204,0.16117793,-0.12986057,1
3794.0962,0.11408879,-0.11320793,1
3795.072,0.12359423,-0.0061358185,1
3796.0479,0.11205177,0.1635054,1
3797.0237,0.17787611,0.23436575,1
3797.9995,0.18985845,0.1828853,1
3798.9753,0.23859188,0.11115823,1
3799.9512,0.22676168,-0.024074528,1
3800.927,0.23059942,-0.09987511,1
3801.9028,0.1936043,-0.30643326,1
3802.8787,0.12886718,-0.0896678,1
3803.8545,0.16383566,-0.06011631,1
3804.8306,0.108884275,0.022308873,1
3805.8064,0.17121354,0.16725715,1
3806.7822,0.16441168,0.06453669,1
3807.758,0.19263896,0.1245935,1
3808.734,0.20577526,0.00054824137,1
3809.7097,0.19282098,0.028649762,1
3810.6855,0.21528664,-0.14414775,1
3811.6614,0.1449656,-0.22270168,1
3812.6372,0.1413523,0.12376432,1
3813.613,0.18605392,0.12013372,1
3814.5889,0.18123528,-0.19435449,1
3815.5647,0.1215305,-0.07443039,1
3816.5405,0.15652527,0.18773538,1
3817.5164,0.18385644,0.049143486,1
3818.4924,0.17283277,-0.07388294,1
3819.4683,0.15932573,-0.15710896,1
3820.444,0.12067444,-0.15022407,1
3821.42,0.109453104,0.039288525,1
3822.3958,0.13371776,-0.008485434,1
3823.3716,0.10663604,-0.22456746,1
3824.3474,0.059164006,-0.04730394,1
3825.3232,0.090931684,0.04635398,1
3826.299,0.07455298,0.058472898,1
3827.275,0.110344,0.061902113,1
3828.2507,0.09510376,-0.114847355,1
3829.2266,0.07221603,0.018352969,1
3830.2024,0.10119673,-0.114049606,1
3831.1782,0.0343529,-0.13894483,1
3832.1543,0.055084802,0.25504324,1
3833.1301,0.11902404,0.12077652,1
3834.106,0.09518119,-0.05533896,1
3835.0818,0.10065216,-0.019252725,1
3836.0576,0.088789515,0.021323007,1
3837.0334,0.10773114,0.048805725,1
3838.0093,0.10499244,-0.13975403,1
3838.985,0.061334446,-0.1725612,1
3839.961,0.047704145,0.06749245,1
3840.9368,0.08374114,-0.015879378,1
3841.9126,0.04243238,0.041293565,1
3842.8884,0.09745012,0.13311484,1
3843.8643,0.08662494,0.051962286,1
3844.84,0.114700995,-0.035831805,1
3845.8162,0.07471069,-0.16058409,1
3846.792,0.061375633,-0.012125148,1
3847.7678,0.07068528,-0.06304934,1
3848.7437,0.04044399,0.042901807,1
3849.7195,0.08492818,0.026472773,1
3850.6953,0.049232643,-0.038049255,1
3851.6711,0.07229627,0.036303364,1
3852.647,0.06128493,0.007189706,1
3853.6228,0.07468317,0.089135304,1
3854.5986,0.09087681,-0.047955494,1
3855.5745,0.05876251,-0.04476439,1
3856.5503,0.076015554,-0.029637272,1
3857.5261,0.04892328,0.07588916,1
3858.502,0.10120987,0.09609908,1
3859.478,0.08081285,-0.19658372,1
3860.4539,0.035944346,0.0879049,1
3861.4297,0.109996244,0.07994593,1
3862.4055,0.062485456,-0.10213706,1
3863.3813,0.07608794,-0.12327548,1
3864.3572,0.021559445,0.0036354882,1
3865.333,0.07729488,0.05588209,1
3866.3088,0.040111642,-0.052786235,1
3867.2847,0.05977047,0.13212134,1
3868.2605,0.08397438,0.11155699,1
3869.2363,0.09680608,-0.12682432,1
3870.2122,0.04187019,-0.22811022,1
3871.188,0.021076161,0.08265815,1
3872.164,0.069332436,0.14056712,1
3873.14,0.06776111,-0.0312569,1
3874.1157,0.058955513,0.022045987,1
3875.0916,0.07508012,-0.010874261,1
3876.0674,0.055345386,0.05767373,1
3877.0432,0.09422712,0.031103523,1
3878.019,0.06567139,0.020134961,1
3878.9949,0.10091169,0.053490568,1
3879.9707,0.083429635,-0.114698805,1
3880.9465,0.06283303,-0.012232064,1
3881.9224,0.07936873,-0.10660208,1
3882.8982,0.027442392,0.04506468,1
3883.874,0.09432968,0.14949895,1
3884.8499,0.07707429,-0.07403834,1
3885.826,0.06974923,-0.07161674,1
3886.8018,0.053297687,-0.10232832,1
3887.7776,0.035777424,-0.0049612843,1
3888.7534,0.0516506,-0.057331685,1
3889.7292,0.016743977,0.0077464883,1
3890.705,0.05422234,0.04055959,1
3891.681,0.030209286,0.13265432,1
3892.6567,0.09826202,0.06827528,1
3893.6326,0.05287588,-0.09586176,1
3894.6084,0.06643704,0.052418765,1
3895.5842,0.070278294,0.019041326,1
3896.56,0.07275854,-0.046092298,1
3897.536,0.05497619,-0.07734359,1
3898.5117,0.047081374,0.10550332,1
3899.4878,0.09001915,0.12652631,1
3900.4636,0.08910285,-0.07701456,1
3901.4395,0.06445122,-0.12104965,1
3902.4153,0.048915785,0.07123432,1
3903.391,0.08810018,0.14405464,1
3904.367,0.09674023,-0.08250124,1
3905.3428,0.060710736,0.005967759,1
3906.3186,0.09872146,0.051568024,1
3907.2944,0.07783072,0.07373415,1
3908.2703,0.12320033,0.17151693,1
3909.246,0.13477233,0.040794294,1
3910.222,0.13674356,0.09727301,1
3911.1978,0.16706583,0.17383006,1
3912.1736,0.1944531,0.057946272,1
3913.1497,0.1862968,-0.15826008,1
3914.1255,0.14191511,-0.017727902,1
3915.1013,0.18041135,0.07442211,1
3916.0771,0.16662239,-0.04445582,1
3917.053,0.16565254,0.011126054,1
3918.0288,0.1703161,-0.07294133,1
3919.0046,0.14143687,-0.2949981,1
3919.9805,0.072380185,-0.09409786,1
3920.9563,0.110197484,0.05418081,1
3921.9321,0.09036758,0.047903407,1
3922.908,0.12610085,0.34617266,1
3923.8838,0.20529285,0.08436746,1
3924.8596,0.15410987,-0.32333782,1
3925.8354,0.097948484,-0.2350374,1
3926.8115,0.076079026,-0.11006089,1
3927.7874,0.061403196,0.028263383,1
3928.7632,0.08546214,0.19764343,1
3929.739,0.1270185,0.44700485,1
3930.7148,0.23386252,0.06894509,1
3931.6907,0.14990745,-0.16738904,1
3932.6665,0.17829132,0.030762838,1
3933.6423,0.16012035,-0.0136205815,1
3934.6182,0.17376944,-0.12721741,1
3935.594,0.11788567,-0.28813305,1
3936.5698,0.078112654,-0.11604849,1
3937.5457,0.07935893,-0.07802298,1
3938.5215,0.052209936,-0.03128042,1
3939.4976,0.06898389,0.022074852,1
3940.4734,0.059546005,-0.11897114,1
3941.4492,0.029486869,0.17514247,1
3942.425,0.11769125,0.050664503,1
3943.401,0.04630689,-0.19773696,1
3944.3767,0.0520449,0.11064999,1
3945.3525,0.08304139,0.019760802,1
3946.3284,0.05860525,-0.12723033,1
3947.3042,0.04080241,0.08796959,1
3948.28,0.08781012,-0.07226298,1
3949.2559,0.01681195,0.05839145,1
3950.2317,0.1071954,0.24057241,1
3951.2075,0.096679166,-0.123253554,1
3952.1833,0.06627667,0.00087945507,1
3953.1594,0.09698646,-0.018217223,1
3954.1353,0.06024488,-0.023481568,1
3955.111,0.08919085,-0.0014766755,1
3956.087,0.05975464,-0.097103745,1
3957.0627,0.056953546,-0.06601519,1
3958.0386,0.03783837,0.09198187,1
3959.0144,0.08749045,0.08639542,1
3959.9902,0.06652064,0.014999551,1
3960.966,0.092470124,-0.09668442,1
3961.942,0.034422543,0.065898925,1
3962.9177,0.11434779,0.10893963,1
3963.8936,0.07058922,-0.12850663,1
3964.8694,0.0716851,0.01606833,1
3965.8452,0.07592372,0.027027529,1
3966.8213,0.080659166,-0.07243948,1
3967.797,0.051880043,0.049640812,1
3968.773,0.097139336,0.009394016,1
3969.7488,0.054998744,-0.14169197,1
3970.7246,0.050099265,0.10989298,1
3971.7004,0.091481924,0.19038342,1
3972.6763,0.11330433,0.0678838,1
3973.652,0.11401855,-0.1646605,1
3974.628,0.05863898,-0.11068506,1
3975.6038,0.07727241,0.13423093,1
3976.5796,0.103202075,0.009469767,1
3977.5554,0.080416255,-0.08883966,1
3978.5312,0.07370835,-0.06237965,1
3979.507,0.059706945,0.0670151,1
3980.4832,0.095971934,0.19753413,1
3981.459,0.1252959,0.0077670305,1
3982.4348,0.0985505,0.0047620395,1
3983.4106,0.12687685,-0.119290344,1
3984.3865,0.058947507,-0.3821727,1
3985.3623,0.0,0.08500044,1
3986.3381,0.08716666,0.11024111,1
3987.314,0.036598753,0.015038051,1
3988.2898,0.092159115,0.1656411,1
3989.2656,0.09158966,-0.10017562,1
3990.2415,0.05890198,-0.030855298,1
3991.2173,0.08134606,0.098345995,1
3992.193,0.0915517,-0.24502692,1
3993.169,0.0,0.0,0
3994.145,0.0,0.0,0
3995.1208,0.0,0.0,0
3996.0967,0.0,0.0,0
3997.0725,0.0,0.0,0
3998.0483,0.0,0.0,0
3999.0242,0.0,0.0,0
4000.0,0.0,0.0,0
