raman_shift_cm-1,intensity_normalized,first_derivative_normalized,valid_mask
0.0,0.0,0.0,0
0.9758478,0.0,0.0,0
1.9516956,0.0,0.0,0
2.9275434,0.0,0.0,0
3.9033911,0.0,0.0,0
4.8792386,0.0,0.0,0
5.855087,0.0,0.0,0
6.8309345,0.0,0.0,0
7.8067822,0.0,0.0,0
8.78263,0.0,0.0,0
9.758477,0.0,0.0,0
10.734325,0.0,0.0,0
11.710174,0.0,0.0,0
12.686021,0.0,0.0,0
13.661869,0.0,0.0,0
14.637716,0.0,0.0,0
15.6135645,0.0,0.0,0
16.589413,0.0,0.0,0
17.56526,0.0,0.0,0
18.541107,0.0,0.0,0
19.516954,0.0,0.0,0
20.492804,0.0,0.0,0
21.46865,0.0,0.0,0
22.444498,0.0,0.0,0
23.420347,0.0,0.0,0
24.396194,0.0,0.0,0
25.372042,0.0,0.0,0
26.347889,0.0,0.0,0
27.323738,0.0,0.0,0
28.299585,0.0,0.0,0
29.275433,0.0,0.0,0
30.251282,0.0,0.0,0
31.227129,0.0,0.0,0
32.202976,0.0,0.0,0
33.178825,0.0,0.0,0
34.15467,0.0,0.0,0
35.13052,0.0,0.0,0
36.10637,0.0,0.0,0
37.082214,0.0,0.0,0
38.058064,0.0,0.0,0
39.03391,0.0,0.0,0
40.009758,0.0,0.0,0
40.985607,0.0,0.0,0
41.961452,0.0,0.0,0
42.9373,0.0,0.0,0
43.91315,0.0,0.0,0
44.888996,0.0,0.0,0
45.864845,0.0,0.0,0
46.840694,0.0,0.0,0
47.81654,0.0,0.0,0
48.79239,0.0,0.0,0
49.768234,0.0,0.0,0
50.744083,0.0,0.0,0
51.719933,0.0,0.0,0
52.695778,0.0,0.0,0
53.671627,0.0,0.0,0
54.647476,0.0,0.0,0
55.62332,0.0,0.0,0
56.59917,0.0,0.0,0
57.57502,0.0,0.0,0
58.550865,0.0,0.0,0
59.526714,0.0,0.0,0
60.502563,0.0,0.0,0
61.47841,0.0,0.0,0
62.454258,0.0,0.0,0
63.430103,0.0,0.0,0
64.40595,0.0,0.0,0
65.3818,0.0,0.0,0
66.35765,0.0,0.0,0
67.333496,0.0,0.0,0
68.30934,0.0,0.0,0
69.285194,0.0,0.0,0
70.26104,0.0,0.0,0
71.236885,0.0,0.0,0
72.21274,0.0,0.0,0
73.18858,0.0,0.0,0
74.16443,0.0,0.0,0
75.14028,0.0,0.0,0
76.11613,0.0,0.0,0
77.09197,0.0,0.0,0
78.06782,0.0,0.0,0
79.04367,0.0,0.0,0
80.019516,0.0,0.0,0
80.99536,0.0,0.0,0
81.971214,0.0,0.0,0
82.94706,0.0,0.0,0
83.922905,0.0,0.0,0
84.89876,0.0,0.0,0
85.8746,0.0,0.0,0
86.85045,0.0,0.0,0
87.8263,0.0,0.0,0
88.80215,0.0,0.0,0
89.77799,0.0,0.0,0
90.753845,0.0,0.0,0
91.72969,0.0,0.0,0
92.705536,0.0,0.0,0
93.68139,0.0,0.0,0
94.657234,0.0,0.0,0
95.63308,0.0,0.0,0
96.60893,0.0,0.0,0
97.58478,0.0,0.0,0
98.56062,0.0,0.0,0
99.53647,0.0,0.0,0
100.51232,0.0,0.0,0
101.48817,0.0,0.0,0
102.46401,0.0,0.0,0
103.439865,0.0,0.0,0
104.41571,0.0,0.0,0
105.391556,0.0,0.0,0
106.36741,0.0,0.0,0
107.343254,0.0,0.0,0
108.3191,0.0,0.0,0
109.29495,0.0,0.0,0
110.2708,0.0,0.0,0
111.24664,0.0,0.0,0
112.222496,0.0,0.0,0
113.19834,0.0,0.0,0
114.17419,0.0,0.0,0
115.15004,0.0,0.0,0
116.125885,0.0,0.0,0
117.10173,0.0,0.0,0
118.07758,0.0,0.0,0
119.05343,0.0,0.0,0
120.029274,0.0,0.0,0
121.00513,0.0,0.0,0
121.98097,0.0,0.0,0
122.95682,0.0,0.0,0
123.93266,0.0,0.0,0
124.908516,0.0,0.0,0
125.88436,0.0,0.0,0
126.86021,0.0,0.0,0
127.83606,0.0,0.0,0
128.8119,0.0,0.0,0
129.78775,0.0,0.0,0
130.7636,0.0,0.0,0
131.73946,0.0,0.0,0
132.7153,0.0,0.0,0
133.69115,0.0,0.0,0
134.66699,0.0,0.0,0
135.64284,0.0,0.0,0
136.61868,0.0,0.0,0
137.59453,0.0,0.0,0
138.57039,0.0,0.0,0
139.54623,0.0,0.0,0
140.52208,0.0,0.0,0
141.49792,0.0,0.0,0
142.47377,0.0,0.0,0
143.44962,0.0,0.0,0
144.42548,0.0,0.0,0
145.40132,0.0,0.0,0
146.37717,0.0,0.0,0
147.35301,0.0,0.0,0
148.32886,0.0,0.0,0
149.3047,0.0,0.0,0
150.28056,0.0,0.0,0
151.25641,0.0,0.0,0
152.23225,0.0,0.0,0
153.2081,0.0,0.0,0
154.18394,0.0,0.0,0
155.15979,0.0,0.0,0
156.13564,0.0,0.0,0
157.1115,0.0,0.0,0
158.08734,0.0,0.0,0
159.06319,0.0,0.0,0
160.03903,0.0,0.0,0
161.01488,0.0,0.0,0
161.99072,0.0,0.0,0
162.96658,0.0,0.0,0
163.94243,0.0,0.0,0
164.91827,0.0,0.0,0
165.89412,0.0,0.0,0
166.86996,0.0,0.0,0
167.84581,0.0,0.0,0
168.82167,0.0,0.0,0
169.79752,0.0,0.0,0
170.77336,0.0,0.0,0
171.7492,0.0,0.0,0
172.72505,0.0,0.0,0
173.7009,0.0,0.0,0
174.67676,0.0,0.0,0
175.6526,0.0,0.0,0
176.62845,0.0,0.0,0
177.6043,0.0,0.0,0
178.58014,0.0,0.0,0
179.55598,0.0,0.0,0
180.53183,0.0,0.0,0
181.50769,0.0,0.0,0
182.48354,0.0,0.0,0
183.45938,0.0,0.0,0
184.43523,0.0,0.0,0
185.41107,0.0,0.0,0
186.38692,0.0,0.0,0
187.36278,0.0,0.0,0
188.33862,0.0,0.0,0
189.31447,0.0,0.0,0
190.29031,0.0,0.0,0
191.26616,0.0,0.0,0
192.242,0.0,0.0,0
193.21786,0.0,0.0,0
194.19371,0.0,0.0,0
195.16956,0.0,0.0,0
196.1454,0.0,0.0,0
197.12125,0.0,0.0,0
198.09709,0.0,0.0,0
199.07294,0.0,0.0,0
200.0488,0.0,0.0,0
201.02464,0.0,0.0,0
202.00049,0.0,0.0,0
202.97633,0.0,0.0,0
203.95218,0.0,0.0,0
204.92802,0.0,0.0,0
205.90388,0.0,0.0,0
206.87973,0.0,0.0,0
207.85558,0.0,0.0,0
208.83142,0.0,0.0,0
209.80727,0.018490016,0.10185226,1
210.78311,0.03422691,0.043092504,1
211.75897,0.032970868,-0.050132208,1
212.73482,0.017380346,-0.045615572,1
213.71066,0.017641997,0.026073167,1
214.68651,0.026142094,0.04781322,1
215.66235,0.033709377,0.024268564,1
216.6382,0.034297418,0.050922263,1
217.61406,0.050821908,0.07126021,1
218.5899,0.058244362,-0.12570082,1
219.56575,0.00858082,-0.040183164,1
220.5416,0.044741027,0.0063504814,1
221.51744,0.010714865,-0.07184536,1
222.49329,0.020597775,0.07804258,1
223.46913,0.03694066,0.008184396,1
224.44499,0.023347648,-0.08061815,1
225.42084,0.009849151,-0.05668051,1
226.39668,0.0043004635,0.08725077,1
227.37253,0.039169308,0.06459881,1
228.34837,0.02600855,-0.06598255,1
229.32422,0.016996222,-0.07739513,1
230.30008,0.0,-0.050576083,1
231.27592,0.0,0.01109151,1
232.25177,0.0037272426,0.04957155,1
233.22762,0.016658256,0.019075902,1
234.20346,0.010137598,-0.04957155,1
235.1793,0.0,-0.0041005793,1
236.15517,0.008759904,-8.152009e-07,1
237.13101,0.0,-0.026067676,1
238.10686,0.0,0.0,1
239.0827,0.0,0.068980776,1
240.05855,0.02318062,0.017028594,1
241.0344,0.005722368,-0.068980776,1
242.01025,0.0,0.004389545,1
242.9861,0.0071972613,0.008272435,1
243.96194,0.0027799075,-0.021417573,1
244.93779,0.0,-0.008272435,1
245.91364,0.0,0.020987673,1
246.88948,0.007052796,0.0050909016,1
247.86533,0.0017107704,-0.020987676,1
248.84119,0.0,0.011475096,1
249.81703,0.005566832,0.019631227,1
250.79288,0.0065969694,-0.01656575,1
251.76872,0.0,0.050172158,1
252.74457,0.023457056,0.0,1
253.72041,0.0,-0.022323726,1
254.69627,0.015955843,-1.4848584e-06,1
255.67212,0.0,-0.005601978,1
256.64795,0.014072873,0.096014634,1
257.6238,0.03226533,-0.04187733,1
258.59967,0.0,-0.04774328,1
259.5755,0.016219946,3.018919e-06,1
260.55136,0.0,-0.006076693,1
261.5272,0.014176956,0.017940637,1
262.50305,0.0060281563,-0.02903901,1
263.4789,0.0044184,-0.01793882,1
264.45474,0.0,-0.013148664,1
265.4306,0.0,0.0,1
266.40643,0.0,0.0,1
267.3823,0.0,0.008189294,1
268.35812,0.0027518822,0.043295074,1
269.33398,0.014549361,0.03230461,1
270.30984,0.013607844,-0.043297093,1
271.28568,0.0,-0.040495418,1
272.26154,0.0,0.089838184,1
273.23737,0.030188698,5.6188373e-06,1
274.21323,0.0,-0.022537133,1
275.18906,0.022613566,0.020521259,1
276.16492,0.0068948604,0.016237766,1
277.14078,0.028070265,0.04038664,1
278.1166,0.020467475,-0.07926575,1
279.09247,0.001433075,-0.058096718,1
280.0683,0.00094380305,0.018606707,1
281.04416,0.007685986,0.074054435,1
282.02002,0.025829788,0.009572542,1
282.99585,0.010903822,-0.0493333,1
283.9717,0.009252011,-0.02471916,1
284.94754,0.0025972377,-0.027532464,1
285.9234,0.0,-0.0077286055,1
286.89923,0.0,0.054102473,1
287.8751,0.018181415,0.0,1
288.85095,0.0,-0.023271289,1
289.82678,0.010360332,1.928305e-06,1
290.80264,0.0,-0.0054266383,1
291.77847,0.008536149,0.0033910745,1
292.75433,0.0011390541,-0.025401246,1
293.73016,0.0,0.013350736,1
294.70602,0.005625709,0.0,1
295.6819,0.0,-0.016740434,1
296.6577,0.0,0.0,1
297.63358,0.0,0.039406344,1
298.6094,0.013241877,0.06204145,1
299.58527,0.02084852,-0.005731431,1
300.56113,0.01131583,-0.050657354,1
301.53696,0.0038253234,0.015923861,1
302.51282,0.016667593,-0.011386124,1
303.48865,0.0,-0.04960089,1
304.4645,0.0,0.0,1
305.44034,0.0,0.0,1
306.4162,0.0,0.03126947,1
307.39206,0.010508102,-1.9558086e-06,1
308.3679,0.0,-0.023832971,1
309.34375,0.0024995662,-4.6522894e-07,1
310.31958,0.0,0.11619614,1
311.29544,0.041548036,0.11051913,1
312.27127,0.0371408,-0.12363538,1
313.24713,0.0,-0.10092097,1
314.223,0.0032263203,0.036823187,1
315.19882,0.01237405,0.05146502,1
316.17468,0.020520834,-0.018212717,1
317.1505,0.0062544653,-0.0338922,1
318.12637,0.009132079,0.040911075,1
319.10223,0.02000263,0.060593188,1
320.07806,0.02949414,-0.05952009,1
321.05392,0.0,-0.04803944,1
322.02975,0.0133494055,0.043353382,1
323.0056,0.014568293,0.00073158677,1
323.98145,0.013595321,0.06279462,1
324.9573,0.035670806,-0.040456254,1
325.93317,0.0,-0.051856622,1
326.909,0.018242981,3.395454e-06,1
327.88486,0.0,-0.046125654,1
328.8607,0.0027420463,5.103602e-07,1
329.83655,0.0,0.0012392127,1
330.8124,0.0031584837,0.012465733,1
331.78824,0.00418911,-0.0093985135,1
332.7641,0.0,-0.012465543,1
333.73993,0.0,0.0,1
334.7158,0.0,0.0,1
335.69162,0.0,0.025789436,1
336.66748,0.008666673,0.012748677,1
337.64334,0.004284192,-0.025790235,1
338.61917,0.0,0.054438323,1
339.59503,0.022578739,-4.202442e-06,1
340.57086,0.0,-0.061764613,1
341.54672,0.0018238325,0.024596674,1
342.52255,0.008265437,-0.0054259826,1
343.4984,0.0,0.019147826,1
344.47427,0.014700062,-2.7360322e-06,1
345.4501,0.0,-0.008803944,1
346.42596,0.011742369,-2.185535e-06,1
347.4018,0.0,-0.034943976,1
348.37766,0.0,0.0,1
349.35352,0.0,0.0,1
350.32935,0.0,0.0,1
351.3052,0.0,0.0915,1
352.28104,0.030747127,0.007328132,1
353.2569,0.0024607333,-0.08368428,1
354.23273,0.002624582,0.021439102,1
355.2086,0.009665443,0.039608184,1
356.18445,0.015934909,-0.028764445,1
357.16028,0.0,-0.047420505,1
358.13614,0.0,0.0,1
359.11197,0.0,0.0,1
360.08783,0.0,0.007225645,1
361.06366,0.0024280634,4.5192053e-07,1
362.03952,0.0,-0.0072253062,1
363.01538,0.0,0.0,1
363.9912,0.0,0.039064784,1
364.96707,0.013127922,0.019257436,1
365.9429,0.0064719776,0.060978793,1
366.91876,0.033620574,0.010967162,1
367.89462,0.010157492,-0.051893633,1
368.87045,0.016181078,-0.030224545,1
369.8463,0.0,-0.047212135,1
370.82214,0.0003151767,5.8661904e-08,1
371.798,0.0,0.028082434,1
372.77383,0.009751814,0.01763036,1
373.7497,0.0059241634,-0.029018946,1
374.72556,0.0,-0.0025369558,1
375.7014,0.0050712894,0.061427563,1
376.67725,0.020642731,-0.015094487,1
377.65308,0.0,-0.055268727,1
378.62894,0.0020706796,0.004253579,1
379.60477,0.0014294772,0.0075327586,1
380.58063,0.0046021417,-0.0042537646,1
381.5565,0.0,-0.013694603,1
382.53232,0.0,0.0333348,1
383.50818,0.011202331,-2.0850212e-06,1
384.484,0.0,-0.03333688,1
385.45987,0.0,0.0,1
386.43573,0.0,0.02836124,1
387.41156,0.009530345,0.025311958,1
388.38742,0.008505617,0.008750103,1
389.36325,0.012470615,-0.025309442,1
390.3391,0.0,-0.037108835,1
391.31494,0.0,0.002375364,1
392.2908,0.0007982533,0.0,1
393.26666,0.0,0.07223121,1
394.2425,0.025070358,4.6661917e-06,1
395.21835,0.0,-0.030416312,1
396.19418,0.014847872,2.7635433e-06,1
397.17004,0.0,-0.017208163,1
398.14587,0.009064414,0.036454737,1
399.12173,0.012250235,-0.0012076893,1
400.0976,0.00865857,0.008290179,1
401.07343,0.015035795,0.041409027,1
402.0493,0.022573886,0.042678867,1
403.02512,0.029377824,0.0034859965,1
404.00098,0.023744946,-0.067831784,1
404.97684,0.0065829586,0.07990103,1
405.95267,0.050593354,0.085122645,1
406.92853,0.03518611,-0.041591886,1
407.90436,0.036616098,0.059206016,1
408.88022,0.055082504,0.0898909,1
409.85605,0.06682367,0.22031896,1
410.8319,0.12912108,0.23145632,1
411.80777,0.14460455,0.16704622,1
412.7836,0.1852553,0.2022183,1
413.75946,0.2125585,0.13585848,1
414.7353,0.23091012,0.021388344,1
415.71115,0.219745,-0.030055365,1
416.687,0.22081003,-0.0371074,1
417.66284,0.20727573,-0.20984282,1
418.6387,0.15029208,-0.20105748,1
419.61453,0.13971,-0.04193475,1
420.5904,0.13620034,-0.1572907,1
421.56622,0.08685473,-0.17882594,1
422.54208,0.07610802,-0.081669554,1
423.51794,0.05940969,-0.13083895,1
424.49377,0.032140635,-9.763181e-05,1
425.46964,0.05937858,-0.0030965672,1
426.44547,0.03110179,-0.10668299,1
427.42133,0.023528975,-0.020640641,1
428.39716,0.024165357,-0.07001509,1
429.37302,0.0,0.010594203,1
430.34888,0.027725538,0.043658998,1
431.3247,0.014672648,-0.03741943,1
432.30057,0.01515136,-0.035120912,1
433.2764,0.0028708533,-0.045088213,1
434.25226,0.0,0.035744444,1
435.22812,0.01488277,-2.770039e-06,1
436.20395,0.0,-0.044202615,1
437.1798,2.9183817e-05,0.008447526,1
438.15564,0.002838659,0.0070025395,1
439.1315,0.0023822475,0.07834936,1
440.10733,0.029166691,0.031103266,1
441.0832,0.012832985,-0.023509003,1
442.05905,0.021266492,-0.0381911,1
443.03488,0.0,-0.0632867,1
444.01074,0.0,0.06473079,1
444.98657,0.021751758,4.048521e-06,1
445.96243,0.0,-0.064726755,1
446.93826,0.0,0.052004304,1
447.91412,0.017476315,0.010731676,1
448.88998,0.0036063786,-0.052004974,1
449.8658,0.0,0.012010949,1
450.84167,0.007642945,0.017624106,1
451.8175,0.0059227794,0.027983112,1
452.79337,0.017046921,-0.015831644,1
453.76923,0.00060255686,0.090199634,1
454.74506,0.047356054,-0.0017843277,1
455.72092,0.0,-0.061750032,1
456.69675,0.026602978,0.04851085,1
457.6726,0.016300658,-0.07867904,1
458.64844,0.00016349019,-0.020343194,1
459.6243,0.00946523,0.016045922,1
460.60016,0.005555721,-0.01964424,1
461.576,0.0028638502,-0.01653267,1
462.55185,0.0,-0.0013610868,1
463.52768,0.0024062996,0.015505009,1
464.50354,0.0052103875,-0.0071614,1
465.47937,0.0,0.013361973,1
466.45523,0.009701073,0.038487386,1
467.4311,0.012933683,-0.0278207,1
468.40692,0.00035256988,0.039567575,1
469.38278,0.026231356,-0.0010540253,1
470.3586,0.0,-0.07806157,1
471.33447,0.0,0.004983165,1
472.31033,0.001674592,0.06889815,1
473.28616,0.023152238,0.035759836,1
474.26202,0.013690527,-0.039792154,1
475.23785,0.009780125,0.025754917,1
476.2137,0.022345843,-0.029106898,1
477.18954,0.0,-0.06251797,1
478.1654,0.001337752,0.06910876,1
479.14127,0.023223994,-0.003985074,1
480.1171,0.0,-0.04522526,1
481.09296,0.008027264,0.039665736,1
482.0688,0.013329544,0.056401122,1
483.04465,0.026980817,0.13200904,1
484.0205,0.057691168,0.06677385,1
484.99634,0.049421035,0.046404675,1
485.9722,0.07328621,0.052408397,1
486.94803,0.067033544,0.008408365,1
487.9239,0.07611227,0.05000263,1
488.89972,0.08383671,0.1479638,1
489.87558,0.12583578,0.17391902,1
490.85144,0.14228219,0.04724142,1
491.82727,0.14171155,0.10584292,1
492.80313,0.17785126,0.07413743,1
493.77896,0.16662653,0.07540118,1
494.75482,0.20319091,0.06692663,1
495.73065,0.18911846,-0.04375441,1
496.7065,0.18848789,-0.020480763,1
497.68237,0.1822359,-0.16876735,1
498.6582,0.13177592,-0.17683895,1
499.63406,0.122811384,-0.1123221,1
500.6099,0.0940313,-0.16738032,1
501.58575,0.06656416,-0.044041716,1
502.5616,0.079231076,-0.048193526,1
503.53745,0.05037029,-0.1350924,1
504.5133,0.03383438,-0.046999067,1
505.48914,0.03457597,0.027251283,1
506.465,0.042992264,0.008770918,1
507.44083,0.03752383,-0.084177345,1
508.4167,0.014704371,-0.11166147,1
509.39255,0.0,-0.043755826,1
510.36838,0.0,0.0,1
511.34424,0.0,0.013750947,1
512.32007,0.0046207877,0.008646626,1
513.2959,0.002905607,-0.013750081,1
514.2718,0.0,0.037410885,1
515.2476,0.0154763805,0.0,1
516.22345,0.0,-0.020128526,1
517.19934,0.008713705,0.024423452,1
518.1752,0.008208075,-0.021205314,1
519.151,0.0015878852,-0.02442593,1
520.12683,0.0,0.0115812365,1
521.1027,0.005480201,-2.0399286e-06,1
522.07855,0.0,-0.01630821,1
523.0544,0.0,0.055828832,1
524.0303,0.018762449,0.012564655,1
525.0061,0.004224434,-0.047490735,1
525.98193,0.002803691,-0.012570595,1
526.9578,0.0,-0.008342557,1
527.93365,0.0,0.0,1
528.9095,0.0,0.0,1
529.8853,0.0,0.0,1
530.8612,0.0,0.057732165,1
531.83704,0.019399675,0.0,1
532.81287,0.0,0.036330774,1
533.78876,0.031611823,-1.17670625e-05,1
534.7646,0.0,-0.033129487,1
535.7404,0.020479012,0.01201567,1
536.71625,0.0040377383,-0.0609427,1
537.69214,0.0,0.07204456,1
538.66797,0.028246287,0.00011583982,1
539.6438,3.8926744e-05,-0.050923996,1
540.6197,0.011135741,-0.00011997407,1
541.5955,0.0,0.009479619,1
542.57135,0.014321267,0.08079326,1
543.5472,0.027149718,0.012739306,1
544.5231,0.018600974,-0.07846598,1
545.4989,0.00078180805,-0.036835536,1
546.47473,0.0062227836,-0.0023242934,1
547.4506,0.0,-0.01851628,1
548.42645,0.0,0.013722124,1
549.4023,0.004611174,0.10211816,1
550.3781,0.034315724,0.052171864,1
551.354,0.022140905,-0.095062196,1
552.32983,0.0023705545,-0.045178525,1
553.30566,0.006959139,-0.0070520253,1
554.28156,0.0,-0.004933312,1
555.2574,0.0053005326,0.0,1
556.2332,0.0,0.014079639,1
557.20905,0.010031845,3.7342152e-06,1
558.18494,0.0,-0.029850379,1
559.16077,0.0,0.0,1
560.1366,0.0,0.0,1
561.1125,0.0,0.0,1
562.0883,0.0,0.020758415,1
563.06415,0.006975645,2.596587e-06,1
564.04004,0.0,0.056712743,1
565.01587,0.02603189,0.0042642225,1
565.9917,0.0014329467,-0.077466786,1
566.9675,0.0,-0.0042643556,1
567.9434,0.0,0.010843705,1
568.91925,0.0036437982,0.0,1
569.8951,0.0,-0.010070703,1
570.871,0.00025978338,0.05228339,1
571.8468,0.017568761,-0.0007730742,1
572.82263,0.0,0.0060599656,1
573.79846,0.019605149,0.054375567,1
574.77435,0.018271595,-0.045085862,1
575.7502,0.004454828,-0.054373372,1
576.726,0.0,0.019554771,1
577.7019,0.011027177,0.0050868476,1
578.67773,0.0017107071,0.0067721643,1
579.65356,0.0133028915,0.012552413,1
580.6294,0.0059288125,-0.03331455,1
581.6053,0.0021077637,0.008524504,1
582.5811,0.008792814,-0.006272371,1
583.55695,0.0,0.053409696,1
584.53284,0.02674336,-9.954844e-06,1
585.50867,0.0,-0.04956169,1
586.4845,0.010088678,0.024759172,1
587.4603,0.008320057,-0.019321755,1
588.4362,0.0035954209,-0.00061932375,1
589.41205,0.008111355,-0.010699403,1
590.3879,0.0,-0.011114581,1
591.3638,0.0043770825,0.046955097,1
592.3396,0.015778815,0.004392125,1
593.3154,0.00585301,-0.012651287,1
594.2913,0.011528328,-0.017420284,1
595.26715,0.0,-0.029767517,1
596.243,0.0015252699,0.0,1
597.2188,0.0,-0.0045391037,1
598.1947,0.0,0.0,1
599.17053,0.0,0.052113425,1
600.14636,0.017512163,0.007071778,1
601.12225,0.0023744286,-0.052109413,1
602.0981,0.0,0.012646359,1
603.0739,0.0066241035,0.0,1
604.04974,0.0,0.09988792,1
605.02563,0.04019436,0.010579685,1
606.00146,0.003560107,-0.04637589,1
606.9773,0.024610234,0.06424492,1
607.9532,0.025148325,0.00082152436,1
608.929,0.024886355,-0.015497332,1
609.90485,0.019940611,0.04595272,1
610.8807,0.04032828,0.04848147,1
611.85657,0.036231276,0.03537241,1
612.8324,0.052213915,-0.05206291,1
613.8082,0.018736085,-0.0212571,1
614.7841,0.045074213,0.15279935,1
615.75995,0.07008437,0.06315512,1
616.7358,0.06629682,0.043512024,1
617.7116,0.08470612,0.056587633,1
618.6875,0.08531199,-0.04880126,1
619.6633,0.068307556,-0.0106688365,1
620.63916,0.08172684,-0.044699326,1
621.61505,0.053283744,0.0117672235,1
622.5909,0.08567741,0.07495978,1
623.5667,0.07847318,-0.07059757,1
624.54254,0.06195385,-0.11378509,1
625.51843,0.040235393,-0.04361356,1
626.49426,0.04729571,0.036586896,1
627.4701,0.05253003,-0.06150123,1
628.446,0.026626278,0.0026635795,1
629.4218,0.053421825,0.09525704,1
630.39764,0.058636393,-0.10611685,1
631.37354,0.017758386,-0.17448285,1
632.34937,0.0,0.09227163,1
633.3252,0.04876529,0.006790175,1
634.301,0.0022817664,-0.047547936,1
635.2769,0.03279163,-0.0068017435,1
636.25275,0.0,-0.0975827,1
637.2286,0.0,0.0,1
638.20447,0.0,0.030761952,1
639.1803,0.010336904,0.0,1
640.1561,0.0,-0.030760989,1
641.13196,0.0,0.048934426,1
642.10785,0.01644544,-6.1215865e-06,1
643.0837,0.0,-0.048939023,1
644.0595,0.0,0.08069784,1
645.0354,0.0271202,0.01468422,1
646.0112,0.004937714,-0.01888587,1
646.98706,0.020773806,0.018977804,1
647.9629,0.011315004,-0.00061841233,1
648.9388,0.02056716,-0.017842269,1
649.9146,0.0053206435,-0.061204612,1
650.89044,0.0,-0.015833888,1
651.86633,0.0,0.0027912115,1
652.84216,0.00093792763,0.061585534,1
653.818,0.020695165,0.11929684,1
654.7938,0.041026365,-0.042652603,1
655.7697,0.006358323,-0.104791045,1
656.74554,0.005809206,-0.018921362,1
657.7214,0.0,0.02452794,1
658.69727,0.014053062,0.048883107,1
659.6731,0.016427893,-0.0071254396,1
660.6489,0.011658633,0.010880256,1
661.6248,0.02008503,-0.0046237963,1
662.60065,0.010105956,0.060322963,1
663.5765,0.04035592,0.051071465,1
664.5523,0.02726798,-0.024857923,1
665.5282,0.032003537,0.06515954,1
666.504,0.049164053,0.056300677,1
667.47986,0.05092278,0.19506781,1
668.45575,0.11472046,0.17041239,1
669.4316,0.10819424,0.023119515,1
670.4074,0.12248953,0.067569606,1
671.38324,0.1309003,-0.0042529604,1
672.35913,0.121059194,-0.13158937,1
673.33496,0.08668121,-0.021556368,1
674.3108,0.113815404,-0.10064444,1
675.2867,0.052854154,-0.14536493,1
676.2625,0.06496096,-0.011129268,1
677.23834,0.049114283,-0.09393289,1
678.2142,0.033395804,0.035776168,1
679.19006,0.06113958,-0.09939406,1
680.1659,0.0,-0.10961298,1
681.1417,0.0243053,0.062616706,1
682.1176,0.021040615,-0.07232977,1
683.09344,0.0,-0.050628636,1
684.0693,0.004027397,0.006059603,1
685.0451,0.0020362653,-0.011984511,1
686.021,0.0,-0.0060590343,1
686.9968,0.0,0.023765696,1
687.97266,0.00798621,2.9727557e-06,1
688.94855,0.0,-0.023763467,1
689.9244,0.0,0.058311984,1
690.9002,0.019595124,0.0,1
691.87604,0.0,-0.023128653,1
692.8519,0.0118247075,0.003066926,1
693.82776,0.0010320548,-0.016271912,1
694.8036,0.006356704,-0.0030689617,1
695.7795,0.0,-0.018914768,1
696.7553,0.0,0.035932682,1
697.73114,0.0120747965,0.081737004,1
698.70703,0.027467921,0.014316004,1
699.68286,0.016887313,0.009409954,1
700.6587,0.030630037,-0.05025397,1
701.6345,0.0,-0.091152996,1
702.6104,0.0,0.0034237609,1
703.58624,0.0011504826,0.024578486,1
704.5621,0.008259339,0.0023700683,1
705.53796,0.0019461045,0.0064664385,1
706.5138,0.010431459,0.019380026,1
707.4896,0.008458557,-0.00060727797,1
708.46545,0.01022739,0.010326348,1
709.44135,0.011928721,-0.030436676,1
710.4172,0.0,-0.035497986,1
711.393,0.0,0.0,1
712.3689,0.0,0.0,1
713.3447,0.0,0.0,1
714.32056,0.0,0.056553677,1
715.2964,0.019004263,7.074073e-06,1
716.2723,0.0,-0.05477243,1
717.2481,0.0005967658,0.009296579,1
718.22394,0.0031240168,0.01640135,1
719.1998,0.0061084675,-0.00929798,1
720.17566,0.0,0.037199132,1
721.1515,0.01860884,0.0,1
722.1273,0.0,-0.055378694,1
723.1032,0.0,0.043270614,1
724.07904,0.014540175,0.08999632,1
725.0549,0.03024231,-0.043259356,1
726.03076,0.0,-0.07803824,1
727.0066,0.0040154243,0.0,1
727.9824,0.0,-0.011949641,1
728.9583,0.0,0.0,1
729.93414,0.0,0.0,1
730.91,0.0,0.0,1
731.8858,0.0,0.017225912,1
732.8617,0.005789128,-2.1549224e-06,1
733.8375,0.0,-0.017227529,1
734.81335,0.0,0.0050345343,1
735.78925,0.0016919607,-6.298089e-07,1
736.7651,0.0,0.013827549,1
737.7409,0.0063385624,0.0,1
738.71674,0.0,-0.018863149,1
739.6926,0.0,0.0,1
740.66846,0.0,0.116710916,1
741.6443,0.039219465,0.015658943,1
742.6202,0.0052576093,-0.092555225,1
743.596,0.008113984,-0.015645813,1
744.57184,0.0,0.0714987,1
745.54767,0.032140363,1.1963804e-05,1
746.52356,0.0,-0.09563565,1
747.4994,0.0,0.0,1
748.4752,0.0,0.02003099,1
749.4511,0.0067318343,0.100226216,1
750.42694,0.033679746,-0.002811523,1
751.4028,0.0057870517,-0.10022559,1
752.3786,0.0,0.017852165,1
753.3545,0.011787371,0.040470935,1
754.3303,0.013600877,0.067251556,1
755.30615,0.034386545,-0.04046252,1
756.28204,0.0,-0.1023193,1
757.2579,0.0,0.080912486,1
758.2337,0.027189782,0.052842803,1
759.20953,0.017757263,-0.0809084,1
760.1854,0.0,-0.05283784,1
761.16125,0.0,0.036984194,1
762.1371,0.012428147,4.626205e-06,1
763.113,0.0,-0.013861821,1
764.0888,0.0077686193,0.014493608,1
765.06464,0.004870423,0.013210398,1
766.0405,0.012208614,-0.014496791,1
767.01636,0.0,-0.03220447,1
767.9922,0.0013866423,0.0571496,1
768.968,0.019204516,0.045811977,1
769.9439,0.016780488,-0.03992647,1
770.91974,0.0057877647,-0.049936075,1
771.89557,0.0,-0.01722401,1
772.87146,0.0,0.0,1
773.8473,0.0,0.0069034714,1
774.8231,0.0023198384,0.016953988,1
775.79895,0.005697208,0.004522687,1
776.77484,0.0038393599,-0.016953826,1
777.7507,0.0,0.039553322,1
778.7265,0.017130835,6.3767156e-06,1
779.7024,0.0,-0.050973866,1
780.6782,0.0,0.003781335,1
781.65405,0.0012706775,0.09681803,1
782.6299,0.032534674,0.015352385,1
783.6058,0.006426257,-0.0784321,1
784.5816,0.0061759534,-0.019123524,1
785.55743,0.0,0.0010643273,1
786.5333,0.0065344158,0.048316117,1
787.50916,0.016236428,-0.019445388,1
788.485,0.0,-0.034853145,1
789.4608,0.0045243986,0.08182823,1
790.4367,0.027499525,-0.009864149,1
791.41254,0.0012126332,-0.019640826,1
792.38837,0.020899434,0.09756806,1
793.36426,0.03399996,-0.03212393,1
794.3401,0.010106503,-0.1011785,1
795.3159,0.0,-0.03007535,1
796.29175,0.0,0.033082783,1
797.26764,0.011118162,0.009056954,1
798.24347,0.0030447887,-0.010671538,1
799.2193,0.007532105,-0.009058288,1
800.1952,0.0,-0.022412246,1
801.171,0.0,0.0,1
802.14685,0.0,0.0,1
803.12274,0.0,0.021581562,1
804.0986,0.007252028,0.009341443,1
805.0744,0.0031390928,0.008985574,1
806.05023,0.010271535,-0.009337911,1
807.0261,0.0,-0.030563591,1
808.00195,0.0,0.066227086,1
808.9778,0.02225491,0.050626982,1
809.9537,0.017011473,-0.057532728,1
810.9295,0.0029215955,-0.05062345,1
811.90533,0.0,0.043371845,1
812.88116,0.017496243,0.039242093,1
813.85706,0.013185939,-0.052066065,1
814.8329,0.0,0.00438022,1
815.8087,0.014657865,0.028011471,1
816.7846,0.009412008,-0.04361889,1
817.76044,0.0,-0.028008645,1
818.73627,0.0,0.0,1
819.7121,0.0,0.003919176,1
820.688,0.0013171211,-4.9028e-07,1
821.6638,0.0,0.013761342,1
822.63965,0.005941474,2.211631e-06,1
823.61554,0.0,-0.017679224,1
824.5914,0.0,0.0,1
825.5672,0.0,0.0073444787,1
826.543,0.0024680342,0.033037253,1
827.5189,0.0111025525,0.042974975,1
828.49475,0.016909946,-0.00013747154,1
829.4706,0.011056356,-0.05031878,1
830.4465,0.0,-0.032898877,1
831.4223,0.0,0.057108507,1
832.39813,0.019190708,0.034017347,1
833.374,0.011429841,-0.057107404,1
834.34985,0.0,-0.034013394,1
835.3257,0.0,0.018684385,1
836.3015,0.0062786895,2.337155e-06,1
837.2774,0.0,0.02499371,1
838.25323,0.014676512,0.04053978,1
839.22906,0.013622963,-0.04367127,1
840.20496,0.0,-0.023104249,1
841.1808,0.0058575626,0.028681554,1
842.1566,0.009638132,-0.011385349,1
843.13245,0.0020316376,0.0044773594,1
844.10834,0.011143794,-0.0060494123,1
845.08417,0.0,-0.033162165,1
846.06,0.0,0.0,1
847.0359,0.0,0.033876,1
848.0117,0.011383316,0.045827296,1
848.98755,0.0153997755,-0.0055099498,1
849.9634,0.009531755,0.035204,1
850.9393,0.027231554,-0.028372467,1
851.9151,0.0,-0.08103679,1
852.8909,0.0,0.026762223,1
853.8668,0.008994006,0.06840221,1
854.84265,0.022986243,0.02252865,1
855.8185,0.01656452,-0.068403415,1
856.7943,0.0,-0.012425628,1
857.7702,0.0123907,-4.612266e-06,1
858.74603,0.0,0.019953618,1
859.72186,0.019095903,7.108185e-06,1
860.69775,0.0,-0.040234555,1
861.6736,0.00557354,0.04113987,1
862.6494,0.013824617,0.01893922,1
863.62524,0.011937864,-0.04113671,1
864.60114,0.0,-0.030939458,1
865.57697,0.001539818,0.019719264,1
866.5528,0.006626449,0.037947822,1
867.5287,0.014292342,-0.019722732,1
868.5045,0.0,-0.042531744,1
869.48035,0.0,0.006184314,1
870.45624,0.002078368,-7.736436e-07,1
871.43207,0.0,-0.00064015633,1
872.4079,0.0018632503,0.0068723704,1
873.3837,0.0023093873,0.044442806,1
874.3596,0.016799131,-0.006877979,1
875.33545,0.0,-0.04999155,1
876.3113,0.0,0.048377484,1
877.2872,0.016258268,-6.051914e-06,1
878.263,0.0,0.04164493,1
879.23883,0.030252606,0.0,1
880.21466,0.0,-0.08097025,1
881.19055,0.003044644,0.121738665,1
882.1664,0.040908087,-0.009060378,1
883.1422,0.0,-0.1217398,1
884.1181,0.0,0.012786665,1
885.09393,0.004296689,0.0,1
886.06976,0.0,0.0007313461,1
887.0456,0.0045424495,0.03126098,1
888.0215,0.010505339,-0.013520252,1
888.9973,0.0,0.022246297,1
889.97314,0.01798097,6.693166e-06,1
890.94904,0.0,-0.0535035,1
891.92487,0.0,0.0073256115,1
892.9007,0.002461694,0.028585,1
893.8765,0.009605686,-0.0073222653,1
894.8524,0.0,-0.017344156,1
895.82825,0.003776347,0.045650054,1
896.8041,0.015340216,0.014745163,1
897.77997,0.008730321,-0.045649022,1
898.7558,0.0,-0.025980053,1
899.7316,0.0,0.02513988,1
900.7075,0.008448783,0.046851918,1
901.68335,0.015744654,0.030822633,1
902.6592,0.018806402,-0.0468536,1
903.635,0.0,-0.01678246,1
904.6109,0.013168659,0.08755885,1
905.58673,0.029423948,-0.003170735,1
906.56256,0.012103166,-0.058784243,1
907.53845,0.009670443,-0.0014933393,1
908.5143,0.011601056,0.011093591,1
909.4901,0.013398327,-0.034522906,1
910.46594,0.0,-0.035931673,1
911.44183,0.0013244135,-4.929945e-07,1
912.41766,0.0,0.05210689,1
913.3935,0.018834382,0.06786486,1
914.3694,0.02280505,-0.056051362,1
915.3452,0.0,-0.06786422,1
916.32104,0.0,0.0,1
917.2969,0.0,0.004847349,1
918.27277,0.0016290533,0.09068028,1
919.2486,0.030471396,-0.0048478046,1
920.2244,0.0,-0.09068088,1
921.2003,0.0,0.06804959,1
922.17615,0.022866627,0.0,1
923.152,0.0,-0.068047464,1
924.1278,0.0,0.0,1
925.1037,0.0,0.0,1
926.0795,0.0,0.0,1
927.05536,0.0,0.07028804,1
928.03125,0.023621768,0.03338405,1
929.0071,0.011220959,-0.07029463,1
929.9829,0.0,-0.033391796,1
930.95874,0.0,0.0,1
931.93463,0.0,0.00066364586,1
932.91046,0.00022300419,0.0,1
933.8863,0.0,-0.00066364586,1
934.8622,0.0,0.0,1
935.838,0.0,0.0,1
936.81384,0.0,0.04176687,1
937.78973,0.014036632,0.0049785175,1
938.76556,0.0016746814,-0.041585002,1
939.7414,6.243309e-05,-0.0049835867,1
940.7172,0.0,-0.0001857968,1
941.6931,0.0,0.03206181,1
942.66895,0.010773694,0.10033723,1
943.6448,0.033717263,0.08539052,1
944.62067,0.0394681,-0.10034251,1
945.5965,0.0,-0.11458385,1
946.5723,0.0009634098,0.0119965365,1
947.54816,0.004031309,-0.002865544,1
948.52405,0.0,0.032019537,1
949.4999,0.014790294,0.05527847,1
950.4757,0.018575743,-0.0303136,1
951.4516,0.004602301,-0.055274993,1
952.4274,0.0,0.055978708,1
953.40326,0.023413353,0.06387514,1
954.3791,0.021464562,0.01139142,1
955.355,0.027241925,-0.044289954,1
956.3308,0.0065825786,-0.08106765,1
957.30664,0.0,0.018898368,1
958.28253,0.012934595,0.034450542,1
959.25836,0.011577995,0.030221751,1
960.2342,0.023090294,0.051543243,1
961.21,0.028898556,-0.065141864,1
962.1859,0.0011972814,-0.01750986,1
963.16174,0.023011269,0.068369195,1
964.1376,0.024172025,-0.06847104,1
965.11346,0.0,-0.03915852,1
966.0893,0.011010606,0.089040644,1
967.0651,0.029921165,0.043220825,1
968.041,0.025533505,-0.07848184,1
969.01685,0.0035484468,-0.019985782,1
969.9927,0.018817496,-0.010559616,1
970.9685,0.0,-0.01628624,1
971.9444,0.013346518,0.011949101,1
972.9202,0.0040169125,-0.0164564,1
973.89606,0.0078165205,-0.010964076,1
974.87195,0.00033172994,0.09973598,1
975.8478,0.041329753,-0.0009871757,1
976.8236,0.0,-0.122990794,1
977.79944,0.0,0.0,1
978.7753,0.0,0.0,1
979.75116,0.0,0.0,1
980.727,0.0,0.04935481,1
981.7029,0.016586717,0.0056267907,1
982.6787,0.001892839,-0.025364127,1
983.65454,0.00806337,0.09179871,1
984.6304,0.03274082,0.08887954,1
985.60626,0.037930116,-0.062357645,1
986.5821,0.011787497,-0.06903047,1
987.5579,0.014733162,-0.029551474,1
988.5338,0.0018557376,0.00043402883,1
989.50964,0.014877396,0.0018028474,1
990.4855,0.0024615654,-0.044272773,1
991.4613,0.0,0.11537577,1
992.4372,0.04123632,0.0052466323,1
993.413,0.0017681778,-0.055817906,1
994.38885,0.022479305,0.0866524,1
995.36475,0.03088694,0.00023841092,1
996.3406,0.022560468,0.0984284,1
997.3164,0.06396276,0.17999555,1
998.29224,0.083046064,0.14608021,1
999.2681,0.11305369,0.26687667,1
1000.24396,0.17272808,0.36537,1
1001.2198,0.2358324,0.3295556,1
1002.1957,0.28347427,0.46225283,1
1003.1715,0.39116862,0.70270514,1
1004.14734,0.5196109,0.9079848,1
1005.1232,0.6962999,1.0,1
1006.09906,0.8556618,0.69395286,1
1007.0749,0.9294954,0.42952752,1
1008.0507,1.0,-0.058281116,1
1009.0266,0.9099,-0.45387095,1
1010.00244,0.8474749,-0.64405173,1
1010.9783,0.6934733,-0.9240085,1
1011.95416,0.5369618,-0.8451067,1
1012.93,0.4094734,-0.63733006,1
1013.9058,0.32279375,-0.6327506,1
1014.88165,0.19684428,-0.4331445,1
1015.85754,0.17724225,-0.24627753,1
1016.8334,0.11408545,-0.29845265,1
1017.8092,0.0769504,-0.048763394,1
1018.7851,0.097702146,-0.15673292,1
1019.7609,0.024286205,-0.16324331,1
1020.73676,0.042845957,0.022166228,1
1021.7126,0.031734932,-0.07242197,1
1022.6885,0.018508432,-0.073013104,1
1023.6643,0.0071987663,-0.05321514,1
1024.6401,0.00062605017,-0.021422388,1
1025.616,0.0,0.02692725,1
1026.5918,0.009674667,0.05255571,1
1027.5677,0.017661681,-0.028708104,1
1028.5436,3.0214658e-05,-0.028341787,1
1029.5194,0.008137725,0.0962881,1
1030.4952,0.032386813,0.06514598,1
1031.4711,0.03002934,-0.09637802,1
1032.4469,0.0,-0.0594116,1
1033.4227,0.010064701,7.4924214e-06,1
1034.3987,0.0,-0.029945333,1
1035.3745,0.0,0.023060657,1
1036.3503,0.0077492897,0.0,1
1037.3262,0.0,-0.023060657,1
1038.302,0.0,0.10257224,1
1039.2778,0.03446831,0.0,1
1040.2537,0.0,-0.102578655,1
1041.2296,0.0,0.008944484,1
1042.2054,0.003005511,0.022090925,1
1043.1813,0.007423421,-0.008943924,1
1044.1571,0.0,0.021613616,1
1045.1329,0.014686448,0.038076222,1
1046.1088,0.01279511,-0.00482967,1
1047.0846,0.0130634885,-0.027040727,1
1048.0605,0.0037065886,-0.009349917,1
1049.0364,0.009919403,0.0029812988,1
1050.0122,0.0047084223,0.045190208,1
1050.988,0.025105093,0.021485865,1
1051.9639,0.011928519,-0.07470878,1
1052.9397,0.0,0.07024021,1
1053.9156,0.03553941,0.076607555,1
1054.8915,0.025750436,-0.06429126,1
1055.8673,0.013935014,-0.04380378,1
1056.8431,0.011030639,-0.025645576,1
1057.819,0.0053170896,0.036161106,1
1058.7948,0.023182195,-0.015822817,1
1059.7706,0.0,-0.06899086,1
1060.7466,0.0,0.005172346,1
1061.7224,0.0017380031,0.0,1
1062.6982,0.0,-0.005172022,1
1063.6741,0.0,0.0131480945,1
1064.6499,0.0044182776,0.02653166,1
1065.6257,0.008915683,0.043255553,1
1066.6016,0.018953849,-0.026519211,1
1067.5775,0.0,-0.05362384,1
1068.5533,0.0009305109,0.0,1
1069.5292,0.0,0.0013828146,1
1070.505,0.0013951911,0.040677212,1
1071.4808,0.013669146,-0.0041518677,1
1072.4567,0.0,-0.039041918,1
1073.4325,0.0005495239,4.090797e-07,1
1074.4084,0.0,0.013381094,1
1075.3843,0.00504568,0.007063698,1
1076.3601,0.0023736807,-0.015015143,1
1077.3359,0.0,-0.007063698,1
1078.3118,0.0,0.03316465,1
1079.2876,0.01114463,0.05158899,1
1080.2634,0.017335933,-0.033153825,1
1081.2394,0.0,-0.0111678,1
1082.2152,0.01357901,0.0,1
1083.191,0.0,0.07243877,1
1084.1669,0.03792129,0.0,1
1085.1427,0.0,-0.045707047,1
1086.1185,0.022561923,0.009327395,1
1087.0944,0.0031343722,-0.0572851,1
1088.0703,0.0033131242,0.0508801,1
1089.0461,0.020231064,-0.009859333,1
1090.022,0.0,0.007499026,1
1090.9978,0.022751031,0.043498684,1
1091.9736,0.014617272,-0.06770347,1
1092.9495,0.0,-0.043498684,1
1093.9253,0.0,0.0,1
1094.9012,0.0,0.051668517,1
1095.8771,0.01736157,0.037324086,1
1096.8529,0.012542363,-0.05166528,1
1097.8287,0.0,-0.026534032,1
1098.8046,0.003625883,0.0050994586,1
1099.7804,0.001713619,0.024929462,1
1100.7562,0.012003165,-0.003353464,1
1101.7322,0.00058393704,-0.03571325,1
1102.708,0.0,-0.0017377042,1
1103.6838,0.0,0.0,1
1104.6597,0.0,0.0,1
1105.6355,0.0,0.018071929,1
1106.6113,0.0060728802,0.02056181,1
1107.5872,0.0069095786,-0.018067917,1
1108.5631,0.0,0.019968305,1
1109.539,0.013617567,0.0,1
1110.5148,0.0,-0.016313545,1
1111.4906,0.008135573,0.0,1
1112.4664,0.0,0.019701473,1
1113.4423,0.014756044,0.09012826,1
1114.4181,0.030286646,-0.009847577,1
1115.394,0.011442364,-0.04799398,1
1116.3699,0.01415507,0.009078558,1
1117.3457,0.014493117,0.05902783,1
1118.3215,0.033990745,0.03642932,1
1119.2974,0.026734803,0.018303232,1
1120.2732,0.04014135,-0.041477688,1
1121.2491,0.012790697,-0.11275893,1
1122.225,0.0022454357,0.024586666,1
1123.2008,0.021052785,0.062287502,1
1124.1766,0.023176491,-0.03741954,1
1125.1525,0.008478345,-0.06896956,1
1126.1283,0.0,0.1043669,1
1127.1041,0.043549735,0.14113344,1
1128.0801,0.047424402,-0.042425413,1
1129.0559,0.02929498,0.17852178,1
1130.0317,0.10741475,0.22459358,1
1131.0076,0.10476727,0.043007173,1
1131.9834,0.12186686,0.060436178,1
1132.9592,0.1250762,0.11354933,1
1133.935,0.16002391,0.10058956,1
1134.911,0.15887587,0.0055983216,1
1135.8868,0.16190475,0.021480815,1
1136.8627,0.16609426,-0.016333211,1
1137.8385,0.15641615,-0.025802923,1
1138.8143,0.15742347,-0.082178265,1
1139.7902,0.12880102,-0.19998126,1
1140.766,0.09022189,-0.1874024,1
1141.742,0.06582427,0.0015074784,1
1142.7178,0.09072232,0.020665165,1
1143.6936,0.07276858,-0.17693238,1
1144.6694,0.031266075,-0.10429385,1
1145.6453,0.037721734,0.04542057,1
1146.6211,0.046529174,-0.024263885,1
1147.5969,0.029568113,-0.046330236,1
1148.5729,0.030961713,-0.08799656,1
1149.5487,0.0,-0.056558497,1
1150.5245,0.011955831,0.0,1
1151.5004,0.0,-0.03557866,1
1152.4762,0.0,0.0,1
1153.452,0.0,0.0,1
1154.4279,0.0,0.02239351,1
1155.4038,0.007526514,-5.60293e-06,1
1156.3796,0.0,0.015839746,1
1157.3555,0.012849293,0.0,1
1158.3313,0.0,-0.03823746,1
1159.3071,0.0,0.0,1
1160.283,0.0,0.0,1
1161.2588,0.0,0.033508454,1
1162.2347,0.011262273,0.016315408,1
1163.2106,0.005485094,-0.03351474,1
1164.1864,0.0,0.018575814,1
1165.1622,0.0117273,0.057300713,1
1166.1381,0.019255297,0.007483124,1
1167.1139,0.014241924,-0.057300713,1
1168.0897,0.0,-0.034736723,1
1169.0657,0.002570391,0.026719984,1
1170.0415,0.008979049,0.040732533,1
1171.0173,0.016258126,0.04839884,1
1171.9932,0.025242966,-0.017042058,1
1172.969,0.010531324,-0.016601762,1
1173.9448,0.01966412,0.028479354,1
1174.9207,0.020101508,-0.03113023,1
1175.8966,0.009201064,-0.059814524,1
1176.8724,0.0,-0.017550888,1
1177.8483,0.0033032743,0.003247766,1
1178.8241,0.0010913773,-0.00983002,1
1179.7999,0.0,-0.003247766,1
1180.7758,0.0,0.028333763,1
1181.7516,0.00952126,7.08787e-06,1
1182.7275,0.0,-0.028328445,1
1183.7034,0.0,0.0,1
1184.6792,0.0,0.013871173,1
1185.655,0.0046612606,0.0,1
1186.6309,0.0,0.040232096,1
1187.6067,0.01818083,1.3534276e-05,1
1188.5826,0.0,-0.05409312,1
1189.5585,0.0,0.0,1
1190.5343,0.0,0.0,1
1191.5101,0.0,0.074871354,1
1192.486,0.025159724,0.0,1
1193.4618,0.0,-0.070399076,1
1194.4376,0.0015028623,0.038128994,1
1195.4136,0.012814872,0.029764319,1
1196.3894,0.01150705,0.014321299,1
1197.3652,0.017627392,0.0063368967,1
1198.3411,0.013636497,-0.052456327,1
1199.3169,0.0,-0.040580057,1
1200.2927,0.0,0.030600064,1
1201.2686,0.010282827,0.09635049,1
1202.2445,0.03238106,-0.0123956725,1
1203.2203,0.0061231796,-0.09636091,1
1204.1962,0.0,-0.013603231,1
1205.172,0.0015519584,0.03449054,1
1206.1478,0.01159018,-0.0046183825,1
1207.1237,0.0,-0.03449054,1
1208.0995,0.0,0.0,1
1209.0754,0.0,0.0,1
1210.0513,0.0,0.007634933,1
1211.0271,0.0025656384,0.0,1
1212.0029,0.0,-0.007634933,1
1212.9788,0.0,0.0,1
1213.9546,0.0,0.0,1
1214.9304,0.0,0.032539044,1
1215.9064,0.010936452,-8.1413755e-06,1
1216.8822,0.0,-0.003553879,1
1217.858,0.009742209,0.020971304,1
1218.8339,0.0070471843,-0.02899127,1
1219.8097,0.0,0.013916611,1
1220.7855,0.011723714,0.022433842,1
1221.7614,0.0075386544,-0.034884486,1
1222.7373,0.0,-0.022429632,1
1223.7131,0.0,0.051107097,1
1224.689,0.017173998,0.00868468,1
1225.6648,0.0029183945,-0.021738479,1
1226.6406,0.009869013,-0.0077963285,1
1227.6165,0.0002985212,0.031275917,1
1228.5923,0.020378953,-0.00087323674,1
1229.5682,0.0,0.033943582,1
1230.5441,0.03177952,0.0,1
1231.5199,0.0,-0.09457082,1
1232.4957,0.0,0.05451197,1
1233.4716,0.018318169,0.03416373,1
1234.4474,0.011480358,-0.036379244,1
1235.4232,0.0060933097,-0.034161333,1
1236.3992,0.0,0.00503492,1
1237.375,0.0077836104,0.0,1
1238.3508,0.0,0.01012473,1
1239.3267,0.011185919,0.0023478828,1
1240.3025,0.00078898115,-0.004664058,1
1241.2783,0.009618611,-0.0023478828,1
1242.2542,0.0,0.012766494,1
1243.2301,0.013911868,-1.0356352e-05,1
1244.2059,0.0,-0.041399516,1
1245.1818,0.0,0.058919933,1
1246.1576,0.019799419,0.004642223,1
1247.1334,0.0015599697,-0.035450246,1
1248.1093,0.007886739,-0.004642223,1
1249.0851,0.0,0.04305139,1
1250.061,0.022358393,-1.664416e-05,1
1251.0369,0.0,-0.01881167,1
1252.0127,0.016036931,0.0,1
1252.9885,0.0,-0.047723368,1
1253.9644,0.0,0.027744545,1
1254.9402,0.00932326,0.02293877,1
1255.9161,0.007707444,-0.005437697,1
1256.892,0.0074956897,-0.022936132,1
1257.8678,0.0,-0.022305986,1
1258.8436,0.0,0.06479204,1
1259.8195,0.021772677,0.10558656,1
1260.7953,0.03548124,-0.06479204,1
1261.7711,0.0,-0.10559315,1
1262.7471,0.0,0.0,1
1263.7229,0.0,0.0,1
1264.6987,0.0,0.075753875,1
1265.6746,0.025456287,0.0032037455,1
1266.6504,0.0010765847,0.0010689574,1
1267.6262,0.025815498,0.0731356,1
1268.602,0.025653027,-0.049341235,1
1269.578,0.00923183,-0.0763319,1
1270.5538,0.0,0.017772743,1
1271.5297,0.015204172,0.007085997,1
1272.5055,0.0023811741,-0.045245208,1
1273.4813,0.0,0.014445099,1
1274.4572,0.0072352965,0.0,1
1275.433,0.0,-0.021532444,1
1276.4089,0.0,0.091410816,1
1277.3848,0.030715713,0.047246892,1
1278.3606,0.015876817,-0.09140509,1
1279.3364,0.0,-0.030821253,1
1280.3123,0.0055196625,0.0,1
1281.2881,0.0,-0.016425641,1
1282.2639,0.0,0.0,1
1283.2399,0.0,0.034495365,1
1284.2157,0.011591076,0.002104489,1
1285.1915,0.0007071911,0.030648908,1
1286.1674,0.021890316,-0.0013473893,1
1287.1432,0.00025441527,-0.06402429,1
1288.119,0.00037563255,0.022965457,1
1289.0948,0.007971713,0.019906474,1
1290.0708,0.0070643467,-0.0076696738,1
1291.0466,0.005394335,-0.021022378,1
1292.0225,0.0,-0.016052686,1
1292.9983,0.0,0.009095897,1
1293.9741,0.0030565797,0.041462068,1
1294.95,0.013932888,0.09908515,1
1295.9258,0.036353096,-0.041437604,1
1296.9017,0.0,-0.09268668,1
1297.8776,0.0051995716,0.0,1
1298.8534,0.0,0.055156,1
1299.8292,0.02373416,0.043888323,1
1300.805,0.014748205,-0.0053515863,1
1301.7809,0.021935817,0.007056381,1
1302.7567,0.017119428,-0.06526886,1
1303.7327,0.0,-0.050935145,1
1304.7085,0.0,0.0,1
1305.6843,0.0,0.0,1
1306.6602,0.0,0.030231973,1
1307.636,0.010159134,0.0,1
1308.6118,0.0,-0.030231973,1
1309.5876,0.0,0.0,1
1310.5636,0.0,0.055842582,1
1311.5394,0.018764133,0.018696466,1
1312.5153,0.0062827496,-0.055839088,1
1313.4911,0.0,-0.018696466,1
1314.4669,0.0,0.07574181,1
1315.4427,0.025452234,0.024033768,1
1316.4186,0.008076292,-0.015760034,1
1317.3945,0.020159595,-0.0024028067,1
1318.3704,0.0072719273,-0.023727594,1
1319.3462,0.012186188,-0.021640103,1
1320.322,0.0,0.06028557,1
1321.2979,0.032444514,0.072272725,1
1322.2737,0.024286482,-0.0965377,1
1323.2496,0.0,-0.05387252,1
1324.2255,0.0061782496,0.021673359,1
1325.2013,0.0072831027,0.0051027983,1
1326.1771,0.0078929905,0.03286579,1
1327.153,0.018327301,0.0067169005,1
1328.1288,0.010150134,-0.054539144,1
1329.1046,0.0,0.08025569,1
1330.0806,0.03712681,0.037799846,1
1331.0564,0.012710729,-0.110483505,1
1332.0322,0.0,0.016382184,1
1333.008,0.018215789,0.10362004,1
1333.9839,0.034820415,-0.011626777,1
1334.9597,0.014308733,-0.10362004,1
1335.9355,0.0,-0.042583186,1
1336.9115,0.0,0.0,1
1337.8873,0.0,0.06757467,1
1338.8632,0.022707751,0.087043114,1
1339.839,0.029249914,-0.060454153,1
1340.8148,0.002392775,-0.058535673,1
1341.7906,0.009579621,-0.007120519,1
1342.7665,0.0,-0.025687523,1
1343.7424,0.0009483786,0.0414194,1
1344.7183,0.013917917,-0.0028222243,1
1345.6941,0.0,-0.016084522,1
1346.6699,0.008512884,0.072839096,1
1347.6458,0.024476806,-0.025332997,1
1348.6216,0.0,-0.057880662,1
1349.5974,0.005026622,3.7419463e-06,1
1350.5734,0.0,0.03486039,1
1351.5492,0.016739096,0.04842004,1
1352.525,0.016271042,-0.0498129,1
1353.5009,0.0,-0.04842004,1
1354.4767,0.0,0.0,1
1355.4525,0.0,0.010324836,1
1356.4283,0.0034695514,2.582823e-06,1
1357.4043,0.0,0.015909888,1
1358.3801,0.008814697,0.0,1
1359.356,0.0,-0.026231144,1
1360.3318,0.0,0.023342494,1
1361.3076,0.007843997,0.0,1
1362.2834,0.0,-0.0045737717,1
1363.2593,0.00630703,4.695115e-06,1
1364.2352,0.0,-0.0187652,1
1365.211,0.0,0.0,1
1366.1869,0.0,0.04261778,1
1367.1627,0.014321253,0.049181502,1
1368.1385,0.016526923,-0.04261778,1
1369.1144,0.0,-0.037569515,1
1370.0902,0.003902085,0.029917585,1
1371.0662,0.010054397,-0.011617293,1
1372.042,0.0,-0.029920293,1
1373.0178,0.0,0.0,1
1373.9937,0.0,0.0,1
1374.9695,0.0,0.10871201,1
1375.9453,0.036531515,0.0,1
1376.9211,0.0,-0.063974746,1
1377.8971,0.015038587,-1.119511e-05,1
1378.8729,0.0,-0.044752453,1
1379.8488,0.0,0.022840096,1
1380.8246,0.007675172,0.0,1
1381.8004,0.0,-0.004242386,1
1382.7762,0.0062495633,0.0,1
1383.7521,0.0,-0.018598875,1
1384.728,0.0,0.0057470626,1
1385.7039,0.0019311187,0.013853105,1
1386.6797,0.004655189,-0.0057467027,1
1387.6555,0.0,-0.013853105,1
1388.6313,0.0,0.028492723,1
1389.6072,0.009574678,0.025020346,1
1390.5831,0.008407005,-0.019659257,1
1391.559,0.002968513,-0.023161678,1
1392.5348,0.00062376884,-0.008833824,1
1393.5106,0.0,-0.0018562373,1
1394.4865,0.0,0.0,1
1395.4623,0.0,0.0,1
1396.4381,0.0,0.0,1
1397.4141,0.0,0.06512009,1
1398.3899,0.021881547,0.009815309,1
1399.3657,0.0032983306,-0.06511602,1
1400.3416,0.0,0.071270354,1
1401.3174,0.027247977,0.0,1
1402.2932,0.0,-0.07972085,1
1403.269,0.00045863318,3.4141829e-07,1
1404.245,0.0,0.06416324,1
1405.2208,0.022018543,0.0,1
1406.1967,0.0,-0.047110897,1
1407.1725,0.0061874255,0.01037452,1
1408.1483,0.0034862475,-0.016860232,1
1409.1241,0.0005217235,-0.00985922,1
1410.1,0.00017316127,0.014975292,1
1411.0759,0.005555043,0.07798805,1
1412.0518,0.026379926,-0.01653093,1
1413.0276,0.0,0.015262296,1
1414.0034,0.031508658,0.04021038,1
1414.9792,0.013512271,-0.093764775,1
1415.9551,0.0,-0.017382514,1
1416.9309,0.007671063,0.027467044,1
1417.9069,0.009229821,0.03740699,1
1418.8827,0.020240888,-0.027466485,1
1419.8585,0.0,-0.01767152,1
1420.8344,0.014302561,0.07589895,1
1421.8102,0.025505038,-0.042562157,1
1422.786,0.0,-0.06273432,1
1423.7618,0.0044238344,0.01679838,1
1424.7378,0.0056448705,0.02471529,1
1425.7136,0.012728931,-0.0039008493,1
1426.6895,0.004334031,0.016895125,1
1427.6653,0.01840636,-0.01289739,1
1428.6411,0.0,-0.054774407,1
1429.617,0.0,0.090158835,1
1430.5928,0.030296922,0.059893884,1
1431.5687,0.0201229,-0.067481585,1
1432.5446,0.0076193223,-0.021908313,1
1433.5204,0.012760844,-0.019497875,1
1434.4962,0.0010672682,-0.037974253,1
1435.472,0.0,-0.0031760212,1
1436.4479,0.0,0.04321102,1
1437.4237,0.014520604,0.04029649,1
1438.3997,0.013540116,-0.04321299,1
1439.3755,0.0,-0.004195999,1
1440.3513,0.012130095,0.0,1
1441.3271,0.0,-0.0024280814,1
1442.303,0.011314164,0.0,1
1443.2788,0.0,-0.03366916,1
1444.2546,0.0,0.041892868,1
1445.2306,0.014080296,0.0520127,1
1446.2064,0.017480744,-0.041900728,1
1447.1823,0.0,-0.046478625,1
1448.1581,0.0018620947,0.0,1
1449.1339,0.0,0.05962122,1
1450.1097,0.021897174,0.0,1
1451.0856,0.0,-0.04146396,1
1452.0615,0.007966515,0.0052325367,1
1453.0374,0.0017602212,0.015839972,1
1454.0132,0.013289369,0.002270167,1
1454.989,0.0025230867,-0.027275704,1
1455.9648,0.004123658,0.015200347,1
1456.9407,0.007631002,-0.010046252,1
1457.9166,0.0007462107,0.015110589,1
1458.8925,0.012706715,0.04372658,1
1459.8683,0.0154400645,0.06410037,1
1460.8441,0.034246966,-0.045947183,1
1461.82,0.0,-0.10191354,1
1462.7958,0.0,0.0,1
1463.7716,0.0,0.0,1
1464.7476,0.0,0.0,1
1465.7234,0.0,0.03421156,1
1466.6992,0.011496432,0.042616148,1
1467.675,0.014320705,0.051612988,1
1468.6509,0.028840428,-0.042616148,1
1469.6267,0.0,-0.08582455,1
1470.6025,0.0,0.0,1
1471.5785,0.0,0.039402276,1
1472.5543,0.0132398885,0.013066677,1
1473.5302,0.004390918,-0.034326404,1
1474.506,0.0017048643,-0.013066677,1
1475.4818,0.0,0.007400142,1
1476.4576,0.0041916035,0.0,1
1477.4335,0.0,-0.011976194,1
1478.4094,0.00016742412,0.0015199182,1
1479.3853,0.0005107623,-0.00049822766,1
1480.3611,0.0,0.00091799593,1
1481.3369,0.00081924506,0.010312561,1
1482.3127,0.0034654269,-0.0024379436,1
1483.2886,0.0,0.0035662723,1
1484.2644,0.004663835,0.045172222,1
1485.2404,0.015181328,-0.013887531,1
1486.2162,0.0,-0.021451421,1
1487.192,0.007972807,0.043935556,1
1488.1678,0.014764078,0.0069064824,1
1489.1437,0.010293656,-0.025066242,1
1490.1195,0.0063408334,-0.030632291,1
1491.0953,0.0,-0.018870497,1
1492.0713,0.0,0.049568374,1
1493.0471,0.016655883,0.0,1
1494.023,0.0,-0.041606896,1
1494.9988,0.0026743258,0.0,1
1495.9746,0.0,9.44919e-05,1
1496.9504,0.002706079,0.084142506,1
1497.9263,0.028275197,-0.008032317,1
1498.9022,0.0,-0.08412672,1
1499.878,0.0,0.0,1
1500.8539,0.0,0.0,0
1501.8297,0.0,0.0,0
1502.8055,0.0,0.0,0
1503.7814,0.0,0.0,0
1504.7572,0.0,0.0,0
1505.7332,0.0,0.0,0
1506.709,0.0,0.0,0
1507.6848,0.0,0.0,0
1508.6606,0.0,0.0,0
1509.6365,0.0,0.0,0
1510.6123,0.0,0.0,0
1511.5881,0.0,0.0,0
1512.5641,0.0,0.0,0
1513.5399,0.0,0.0,0
1514.5157,0.0,0.0,0
1515.4916,0.0,0.0,0
1516.4674,0.0,0.0,0
1517.4432,0.0,0.0,0
1518.4191,0.0,0.0,0
1519.395,0.0,0.0,0
1520.3708,0.0,0.0,0
1521.3467,0.0,0.0,0
1522.3225,0.0,0.0,0
1523.2983,0.0,0.0,0
1524.2742,0.0,0.0,0
1525.25,0.0,0.0,0
1526.226,0.0,0.0,0
1527.2018,0.0,0.0,0
1528.1776,0.0,0.0,0
1529.1534,0.0,0.0,0
1530.1293,0.0,0.0,0
1531.1051,0.0,0.0,0
1532.081,0.0,0.0,0
1533.0569,0.0,0.0,0
1534.0327,0.0,0.0,0
1535.0085,0.0,0.0,0
1535.9844,0.0,0.0,0
1536.9602,0.0,0.0,0
1537.936,0.0,0.0,0
1538.912,0.0,0.0,0
1539.8878,0.0,0.0,0
1540.8636,0.0,0.0,0
1541.8395,0.0,0.0,0
1542.8153,0.0,0.0,0
1543.7911,0.0,0.0,0
1544.767,0.0,0.0,0
1545.7429,0.0,0.0,0
1546.7188,0.0,0.0,0
1547.6946,0.0,0.0,0
1548.6704,0.0,0.0,0
1549.6462,0.0,0.0,0
1550.6221,0.0,0.0,0
1551.5979,0.0,0.0,0
1552.5739,0.0,0.0,0
1553.5497,0.0,0.0,0
1554.5255,0.0,0.0,0
1555.5013,0.0,0.0,0
1556.4772,0.0,0.0,0
1557.453,0.0,0.0,0
1558.4288,0.0,0.0,0
1559.4048,0.0,0.0,0
1560.3806,0.0,0.0,0
1561.3564,0.0,0.0,0
1562.3323,0.0,0.0,0
1563.3081,0.0,0.0,0
1564.2839,0.0,0.0,0
1565.2598,0.0,0.0,0
1566.2357,0.0,0.0,0
1567.2115,0.0,0.0,0
1568.1874,0.0,0.0,0
1569.1632,0.0,0.0,0
1570.139,0.0,0.0,0
1571.1149,0.0,0.0,0
1572.0907,0.0,0.0,0
1573.0667,0.0,0.0,0
1574.0425,0.0,0.0,0
1575.0183,0.0,0.0,0
1575.9941,0.0,0.0,0
1576.97,0.0,0.0,0
1577.9458,0.0,0.0,0
1578.9216,0.0,0.0,0
1579.8976,0.0,0.0,0
1580.8734,0.0,0.0,0
1581.8492,0.0,0.0,0
1582.8251,0.0,0.0,0
1583.8009,0.0,0.0,0
1584.7767,0.0,0.0,0
1585.7526,0.0,0.0,0
1586.7285,0.0,0.0,0
1587.7043,0.0,0.0,0
1588.6802,0.0,0.0,0
1589.656,0.0,0.0,0
1590.6318,0.0,0.0,0
1591.6077,0.0,0.0,0
1592.5835,0.0,0.0,0
1593.5594,0.0,0.0,0
1594.5353,0.0,0.0,0
1595.5111,0.0,0.0,0
1596.4869,0.0,0.0,0
1597.4628,0.0,0.0,0
1598.4386,0.0,0.0,0
1599.4146,0.0,0.0,0
1600.3904,0.0,0.0,0
1601.3662,0.0,0.0,0
1602.342,0.0,0.0,0
1603.3179,0.0,0.0,0
1604.2937,0.0,0.0,0
1605.2695,0.0,0.0,0
1606.2455,0.0,0.0,0
1607.2213,0.0,0.0,0
1608.1971,0.0,0.0,0
1609.173,0.0,0.0,0
1610.1488,0.0,0.0,0
1611.1246,0.0,0.0,0
1612.1005,0.0,0.0,0
1613.0764,0.0,0.0,0
1614.0522,0.0,0.0,0
1615.0281,0.0,0.0,0
1616.0039,0.0,0.0,0
1616.9797,0.0,0.0,0
1617.9556,0.0,0.0,0
1618.9314,0.0,0.0,0
1619.9073,0.0,0.0,0
1620.8832,0.0,0.0,0
1621.859,0.0,0.0,0
1622.8348,0.0,0.0,0
1623.8107,0.0,0.0,0
1624.7865,0.0,0.0,0
1625.7623,0.0,0.0,0
1626.7383,0.0,0.0,0
1627.7141,0.0,0.0,0
1628.69,0.0,0.0,0
1629.6658,0.0,0.0,0
1630.6416,0.0,0.0,0
1631.6174,0.0,0.0,0
1632.5933,0.0,0.0,0
1633.5692,0.0,0.0,0
1634.545,0.0,0.0,0
1635.5209,0.0,0.0,0
1636.4967,0.0,0.0,0
1637.4725,0.0,0.0,0
1638.4484,0.0,0.0,0
1639.4242,0.0,0.0,0
1640.4001,0.0,0.0,0
1641.376,0.0,0.0,0
1642.3518,0.0,0.0,0
1643.3276,0.0,0.0,0
1644.3035,0.0,0.0,0
1645.2793,0.0,0.0,0
1646.2551,0.0,0.0,0
1647.2311,0.0,0.0,0
1648.2069,0.0,0.0,0
1649.1827,0.0,0.0,0
1650.1586,0.0,0.0,0
1651.1344,0.0,0.0,0
1652.1102,0.0,0.0,0
1653.086,0.0,0.0,0
1654.062,0.0,0.0,0
1655.0378,0.0,0.0,0
1656.0137,0.0,0.0,0
1656.9895,0.0,0.0,0
1657.9653,0.0,0.0,0
1658.9412,0.0,0.0,0
1659.917,0.0,0.0,0
1660.893,0.0,0.0,0
1661.8688,0.0,0.0,0
1662.8446,0.0,0.0,0
1663.8204,0.0,0.0,0
1664.7963,0.0,0.0,0
1665.7721,0.0,0.0,0
1666.748,0.0,0.0,0
1667.7239,0.0,0.0,0
1668.6997,0.0,0.0,0
1669.6755,0.0,0.0,0
1670.6514,0.0,0.0,0
1671.6272,0.0,0.0,0
1672.603,0.0,0.0,0
1673.579,0.0,0.0,0
1674.5548,0.0,0.0,0
1675.5306,0.0,0.0,0
1676.5065,0.0,0.0,0
1677.4823,0.0,0.0,0
1678.4581,0.0,0.0,0
1679.434,0.0,0.0,0
1680.4099,0.0,0.0,0
1681.3857,0.0,0.0,0
1682.3616,0.0,0.0,0
1683.3374,0.0,0.0,0
1684.3132,0.0,0.0,0
1685.2891,0.0,0.0,0
1686.2649,0.0,0.0,0
1687.2408,0.0,0.0,0
1688.2167,0.0,0.0,0
1689.1925,0.0,0.0,0
1690.1683,0.0,0.0,0
1691.1442,0.0,0.0,0
1692.12,0.0,0.0,0
1693.0958,0.0,0.0,0
1694.0718,0.0,0.0,0
1695.0476,0.0,0.0,0
1696.0234,0.0,0.0,0
1696.9993,0.0,0.0,0
1697.9751,0.0,0.0,0
1698.9509,0.0,0.0,0
1699.9268,0.0,0.0,0
1700.9027,0.0,0.0,0
1701.8785,0.0,0.0,0
1702.8544,0.0,0.0,0
1703.8302,0.0,0.0,0
1704.806,0.0,0.0,0
1705.7819,0.0,0.0,0
1706.7577,0.0,0.0,0
1707.7336,0.0,0.0,0
1708.7095,0.0,0.0,0
1709.6853,0.0,0.0,0
1710.6611,0.0,0.0,0
1711.637,0.0,0.0,0
1712.6128,0.0,0.0,0
1713.5886,0.0,0.0,0
1714.5646,0.0,0.0,0
1715.5404,0.0,0.0,0
1716.5162,0.0,0.0,0
1717.4921,0.0,0.0,0
1718.4679,0.0,0.0,0
1719.4437,0.0,0.0,0
1720.4196,0.0,0.0,0
1721.3955,0.0,0.0,0
1722.3713,0.0,0.0,0
1723.3472,0.0,0.0,0
1724.323,0.0,0.0,0
1725.2988,0.0,0.0,0
1726.2747,0.0,0.0,0
1727.2505,0.0,0.0,0
1728.2264,0.0,0.0,0
1729.2023,0.0,0.0,0
1730.1781,0.0,0.0,0
1731.1539,0.0,0.0,0
1732.1298,0.0,0.0,0
1733.1056,0.0,0.0,0
1734.0815,0.0,0.0,0
1735.0574,0.0,0.0,0
1736.0332,0.0,0.0,0
1737.009,0.0,0.0,0
1737.9849,0.0,0.0,0
1738.9607,0.0,0.0,0
1739.9365,0.0,0.0,0
1740.9125,0.0,0.0,0
1741.8883,0.0,0.0,0
1742.8641,0.0,0.0,0
1743.84,0.0,0.0,0
1744.8158,0.0,0.0,0
1745.7916,0.0,0.0,0
1746.7675,0.0,0.0,0
1747.7434,0.0,0.0,0
1748.7192,0.0,0.0,0
1749.6951,0.0,0.0,0
1750.6709,0.0,0.0,0
1751.6467,0.0,0.0,0
1752.6226,0.0,0.0,0
1753.5984,0.0,0.0,0
1754.5743,0.0,0.0,0
1755.5502,0.0,0.0,0
1756.526,0.0,0.0,0
1757.5018,0.0,0.0,0
1758.4777,0.0,0.0,0
1759.4535,0.0,0.0,0
1760.4293,0.0,0.0,0
1761.4053,0.0,0.0,0
1762.3811,0.0,0.0,0
1763.3569,0.0,0.0,0
1764.3328,0.0,0.0,0
1765.3086,0.0,0.0,0
1766.2844,0.0,0.0,0
1767.2603,0.0,0.0,0
1768.2362,0.0,0.0,0
1769.212,0.0,0.0,0
1770.1879,0.0,0.0,0
1771.1637,0.0,0.0,0
1772.1395,0.0,0.0,0
1773.1154,0.0,0.0,0
1774.0912,0.0,0.0,0
1775.0671,0.0,0.0,0
1776.043,0.0,0.0,0
1777.0188,0.0,0.0,0
1777.9946,0.0,0.0,0
1778.9705,0.0,0.0,0
1779.9463,0.0,0.0,0
1780.9221,0.0,0.0,0
1781.8981,0.0,0.0,0
1782.8739,0.0,0.0,0
1783.8497,0.0,0.0,0
1784.8256,0.0,0.0,0
1785.8014,0.0,0.0,0
1786.7772,0.0,0.0,0
1787.753,0.0,0.0,0
1788.729,0.0,0.0,0
1789.7048,0.0,0.0,0
1790.6807,0.0,0.0,0
1791.6565,0.0,0.0,0
1792.6323,0.0,0.0,0
1793.6082,0.0,0.0,0
1794.584,0.0,0.0,0
1795.5599,0.0,0.0,0
1796.5358,0.0,0.0,0
1797.5116,0.0,0.0,0
1798.4874,0.0,0.0,0
1799.4633,0.0,0.0,0
1800.4391,0.0,0.0,0
1801.415,0.0,0.0,0
1802.3909,0.0,0.0,0
1803.3667,0.0,0.0,0
1804.3425,0.0,0.0,0
1805.3184,0.0,0.0,0
1806.2942,0.0,0.0,0
1807.27,0.0,0.0,0
1808.246,0.0,0.0,0
1809.2218,0.0,0.0,0
1810.1976,0.0,0.0,0
1811.1735,0.0,0.0,0
1812.1493,0.0,0.0,0
1813.1251,0.0,0.0,0
1814.101,0.0,0.0,0
1815.0769,0.0,0.0,0
1816.0527,0.0,0.0,0
1817.0286,0.0,0.0,0
1818.0044,0.0,0.0,0
1818.9802,0.0,0.0,0
1819.956,0.0,0.0,0
1820.9319,0.0,0.0,0
1821.9078,0.0,0.0,0
1822.8837,0.0,0.0,0
1823.8595,0.0,0.0,0
1824.8353,0.0,0.0,0
1825.8112,0.0,0.0,0
1826.787,0.0,0.0,0
1827.7628,0.0,0.0,0
1828.7388,0.0,0.0,0
1829.7146,0.0,0.0,0
1830.6904,0.0,0.0,0
1831.6663,0.0,0.0,0
1832.6421,0.0,0.0,0
1833.6179,0.0,0.0,0
1834.5938,0.0,0.0,0
1835.5697,0.0,0.0,0
1836.5455,0.0,0.0,0
1837.5214,0.0,0.0,0
1838.4972,0.0,0.0,0
1839.473,0.0,0.0,0
1840.4489,0.0,0.0,0
1841.4247,0.0,0.0,0
1842.4006,0.0,0.0,0
1843.3765,0.0,0.0,0
1844.3523,0.0,0.0,0
1845.3281,0.0,0.0,0
1846.304,0.0,0.0,0
1847.2798,0.0,0.0,0
1848.2556,0.0,0.0,0
1849.2316,0.0,0.0,0
1850.2074,0.0,0.0,0
1851.1832,0.0,0.0,0
1852.159,0.0,0.0,0
1853.1349,0.0,0.0,0
1854.1107,0.0,0.0,0
1855.0865,0.0,0.0,0
1856.0625,0.0,0.0,0
1857.0383,0.0,0.0,0
1858.0142,0.0,0.0,0
1858.99,0.0,0.0,0
1859.9658,0.0,0.0,0
1860.9417,0.0,0.0,0
1861.9175,0.0,0.0,0
1862.8934,0.0,0.0,0
1863.8693,0.0,0.0,0
1864.8451,0.0,0.0,0
1865.8209,0.0,0.0,0
1866.7968,0.0,0.0,0
1867.7726,0.0,0.0,0
1868.7485,0.0,0.0,0
1869.7244,0.0,0.0,0
1870.7002,0.0,0.0,0
1871.676,0.0,0.0,0
1872.6519,0.0,0.0,0
1873.6277,0.0,0.0,0
1874.6035,0.0,0.0,0
1875.5795,0.0,0.0,0
1876.5553,0.0,0.0,0
1877.5311,0.0,0.0,0
1878.507,0.0,0.0,0
1879.4828,0.0,0.0,0
1880.4586,0.0,0.0,0
1881.4344,0.0,0.0,0
1882.4104,0.0,0.0,0
1883.3862,0.0,0.0,0
1884.362,0.0,0.0,0
1885.3379,0.0,0.0,0
1886.3137,0.0,0.0,0
1887.2896,0.0,0.0,0
1888.2654,0.0,0.0,0
1889.2413,0.0,0.0,0
1890.2172,0.0,0.0,0
1891.193,0.0,0.0,0
1892.1688,0.0,0.0,0
1893.1447,0.0,0.0,0
1894.1205,0.0,0.0,0
1895.0963,0.0,0.0,0
1896.0723,0.0,0.0,0
1897.0481,0.0,0.0,0
1898.0239,0.0,0.0,0
1898.9998,0.0,0.0,0
1899.9756,0.0,0.0,0
1900.9514,0.0,0.0,0
1901.9272,0.0,0.0,0
1902.9032,0.0,0.0,0
1903.879,0.0,0.0,0
1904.8549,0.0,0.0,0
1905.8307,0.0,0.0,0
1906.8065,0.0,0.0,0
1907.7823,0.0,0.0,0
1908.7582,0.0,0.0,0
1909.7341,0.0,0.0,0
1910.71,0.0,0.0,0
1911.6858,0.0,0.0,0
1912.6616,0.0,0.0,0
1913.6375,0.0,0.0,0
1914.6133,0.0,0.0,0
1915.5891,0.0,0.0,0
1916.5651,0.0,0.0,0
1917.5409,0.0,0.0,0
1918.5167,0.0,0.0,0
1919.4926,0.0,0.0,0
1920.4684,0.0,0.0,0
1921.4442,0.0,0.0,0
1922.42,0.0,0.0,0
1923.396,0.0,0.0,0
1924.3718,0.0,0.0,0
1925.3477,0.0,0.0,0
1926.3235,0.0,0.0,0
1927.2993,0.0,0.0,0
1928.2751,0.0,0.0,0
1929.251,0.0,0.0,0
1930.2269,0.0,0.0,0
1931.2028,0.0,0.0,0
1932.1786,0.0,0.0,0
1933.1544,0.0,0.0,0
1934.1302,0.0,0.0,0
1935.1061,0.0,0.0,0
1936.082,0.0,0.0,0
1937.0579,0.0,0.0,0
1938.0337,0.0,0.0,0
1939.0095,0.0,0.0,0
1939.9854,0.0,0.0,0
1940.9612,0.0,0.0,0
1941.937,0.0,0.0,0
1942.913,0.0,0.0,0
1943.8888,0.0,0.0,0
1944.8646,0.0,0.0,0
1945.8405,0.0,0.0,0
1946.8163,0.0,0.0,0
1947.7921,0.0,0.0,0
1948.768,0.0,0.0,0
1949.7439,0.0,0.0,0
1950.7197,0.0,0.0,0
1951.6956,0.0,0.0,0
1952.6714,0.0,0.0,0
1953.6472,0.0,0.0,0
1954.623,0.0,0.0,0
1955.5989,0.0,0.0,0
1956.5748,0.0,0.0,0
1957.5507,0.0,0.0,0
1958.5265,0.0,0.0,0
1959.5023,0.0,0.0,0
1960.4781,0.0,0.0,0
1961.454,0.0,0.0,0
1962.4298,0.0,0.0,0
1963.4058,0.0,0.0,0
1964.3816,0.0,0.0,0
1965.3574,0.0,0.0,0
1966.3333,0.0,0.0,0
1967.3091,0.0,0.0,0
1968.2849,0.0,0.0,0
1969.2607,0.0,0.0,0
1970.2367,0.0,0.0,0
1971.2125,0.0,0.0,0
1972.1884,0.0,0.0,0
1973.1642,0.0,0.0,0
1974.14,0.0,0.0,0
1975.1158,0.0,0.0,0
1976.0917,0.0,0.0,0
1977.0676,0.0,0.0,0
1978.0435,0.0,0.0,0
1979.0193,0.0,0.0,0
1979.9951,0.0,0.0,0
1980.971,0.0,0.0,0
1981.9468,0.0,0.0,0
1982.9226,0.0,0.0,0
1983.8986,0.0,0.0,0
1984.8744,0.0,0.0,0
1985.8502,0.0,0.0,0
1986.826,0.0,0.0,0
1987.8019,0.0,0.0,0
1988.7777,0.0,0.0,0
1989.7535,0.0,0.0,0
1990.7295,0.0,0.0,0
1991.7053,0.0,0.0,0
1992.6812,0.0,0.0,0
1993.657,0.0,0.0,0
1994.6328,0.0,0.0,0
1995.6086,0.0,0.0,0
1996.5845,0.0,0.0,0
1997.5604,0.0,0.0,0
1998.5363,0.0,0.0,0
1999.5121,0.0,0.0,0
2000.4879,0.0,0.0,0
2001.4637,0.0,0.0,0
2002.4396,0.0,0.0,0
2003.4155,0.0,0.0,0
2004.3914,0.0,0.0,0
2005.3672,0.0,0.0,0
2006.343,0.0,0.0,0
2007.3188,0.0,0.0,0
2008.2947,0.0,0.0,0
2009.2705,0.0,0.0,0
2010.2465,0.0,0.0,0
2011.2223,0.0,0.0,0
2012.1981,0.0,0.0,0
2013.174,0.0,0.0,0
2014.1498,0.0,0.0,0
2015.1256,0.0,0.0,0
2016.1014,0.0,0.0,0
2017.0774,0.0,0.0,0
2018.0532,0.0,0.0,0
2019.029,0.0,0.0,0
2020.0049,0.0,0.0,0
2020.9807,0.0,0.0,0
2021.9565,0.0,0.0,0
2022.9324,0.0,0.0,0
2023.9083,0.0,0.0,0
2024.8842,0.0,0.0,0
2025.86,0.0,0.0,0
2026.8358,0.0,0.0,0
2027.8116,0.0,0.0,0
2028.7875,0.0,0.0,0
2029.7633,0.0,0.0,0
2030.7393,0.0,0.0,0
2031.7151,0.0,0.0,0
2032.6909,0.0,0.0,0
2033.6667,0.0,0.0,0
2034.6426,0.0,0.0,0
2035.6184,0.0,0.0,0
2036.5942,0.0,0.0,0
2037.5702,0.0,0.0,0
2038.546,0.0,0.0,0
2039.5219,0.0,0.0,0
2040.4977,0.0,0.0,0
2041.4735,0.0,0.0,0
2042.4493,0.0,0.0,0
2043.4252,0.0,0.0,0
2044.4011,0.0,0.0,0
2045.377,0.0,0.0,0
2046.3528,0.0,0.0,0
2047.3286,0.0,0.0,0
2048.3044,0.0,0.0,0
2049.2803,0.0,0.0,0
2050.256,0.0,0.0,0
2051.232,0.0,0.0,0
2052.2078,0.0,0.0,0
2053.1836,0.0,0.0,0
2054.1597,0.0,0.0,0
2055.1355,0.0,0.0,0
2056.1113,0.0,0.0,0
2057.0872,0.0,0.0,0
2058.063,0.0,0.0,0
2059.0388,0.0,0.0,0
2060.0146,0.0,0.0,0
2060.9905,0.0,0.0,0
2061.9663,0.0,0.0,0
2062.9421,0.0,0.0,0
2063.918,0.0,0.0,0
2064.8938,0.0,0.0,0
2065.8696,0.0,0.0,0
2066.8455,0.0,0.0,0
2067.8215,0.0,0.0,0
2068.7974,0.0,0.0,0
2069.7732,0.0,0.0,0
2070.749,0.0,0.0,0
2071.7249,0.0,0.0,0
2072.7007,0.0,0.0,0
2073.6765,0.0,0.0,0
2074.6523,0.0,0.0,0
2075.6282,0.0,0.0,0
2076.604,0.0,0.0,0
2077.5798,0.0,0.0,0
2078.5557,0.0,0.0,0
2079.5315,0.0,0.0,0
2080.5073,0.0,0.0,0
2081.4834,0.0,0.0,0
2082.4592,0.0,0.0,0
2083.435,0.0,0.0,0
2084.411,0.0,0.0,0
2085.3867,0.0,0.0,0
2086.3625,0.0,0.0,0
2087.3384,0.0,0.0,0
2088.3142,0.0,0.0,0
2089.29,0.0,0.0,0
2090.2659,0.0,0.0,0
2091.2417,0.0,0.0,0
2092.2175,0.0,0.0,0
2093.1934,0.0,0.0,0
2094.1692,0.0,0.0,0
2095.1453,0.0,0.0,0
2096.121,0.0,0.0,0
2097.097,0.0,0.0,0
2098.0728,0.0,0.0,0
2099.0486,0.0,0.0,0
2100.0244,0.0,0.0,0
2101.0002,0.0,0.0,0
2101.976,0.0,0.0,0
2102.952,0.0,0.0,0
2103.9277,0.0,0.0,0
2104.9036,0.0,0.0,0
2105.8794,0.0,0.0,0
2106.8552,0.0,0.0,0
2107.8313,0.0,0.0,0
2108.8071,0.0,0.0,0
2109.783,0.0,0.0,0
2110.7588,0.0,0.0,0
2111.7346,0.0,0.0,0
2112.7104,0.0,0.0,0
2113.6863,0.0,0.0,0
2114.662,0.0,0.0,0
2115.638,0.0,0.0,0
2116.6138,0.0,0.0,0
2117.5896,0.0,0.0,0
2118.5654,0.0,0.0,0
2119.5413,0.0,0.0,0
2120.517,0.0,0.0,0
2121.4932,0.0,0.0,0
2122.469,0.0,0.0,0
2123.4448,0.0,0.0,0
2124.4207,0.0,0.0,0
2125.3965,0.0,0.0,0
2126.3723,0.0,0.0,0
2127.3481,0.0,0.0,0
2128.324,0.0,0.0,0
2129.2998,0.0,0.0,0
2130.2756,0.0,0.0,0
2131.2515,0.0,0.0,0
2132.2273,0.0,0.0,0
2133.2031,0.0,0.0,0
2134.179,0.0,0.0,0
2135.155,0.0,0.0,0
2136.1309,0.0,0.0,0
2137.1067,0.0,0.0,0
2138.0825,0.0,0.0,0
2139.0583,0.0,0.0,0
2140.0342,0.0,0.0,0
2141.01,0.0,0.0,0
2141.9858,0.0,0.0,0
2142.9617,0.0,0.0,0
2143.9375,0.0,0.0,0
2144.9133,0.0,0.0,0
2145.8892,0.0,0.0,0
2146.865,0.0,0.0,0
2147.8408,0.0,0.0,0
2148.817,0.0,0.0,0
2149.7927,0.0,0.0,0
2150.7686,0.0,0.0,0
2151.7444,0.0,0.0,0
2152.7202,0.0,0.0,0
2153.696,0.0,0.0,0
2154.6719,0.0,0.0,0
2155.6477,0.0,0.0,0
2156.6235,0.0,0.0,0
2157.5994,0.0,0.0,0
2158.5752,0.0,0.0,0
2159.551,0.0,0.0,0
2160.5269,0.0,0.0,0
2161.5027,0.0,0.0,0
2162.4788,0.0,0.0,0
2163.4546,0.0,0.0,0
2164.4304,0.0,0.0,0
2165.4062,0.0,0.0,0
2166.382,0.0,0.0,0
2167.358,0.0,0.0,0
2168.3337,0.0,0.0,0
2169.3096,0.0,0.0,0
2170.2854,0.0,0.0,0
2171.2612,0.0,0.0,0
2172.237,0.0,0.0,0
2173.213,0.0,0.0,0
2174.1887,0.0,0.0,0
2175.1648,0.0,0.0,0
2176.1406,0.0,0.0,0
2177.1165,0.0,0.0,0
2178.0923,0.0,0.0,0
2179.068,0.0,0.0,0
2180.044,0.0,0.0,0
2181.0198,0.0,0.0,0
2181.9956,0.0,0.0,0
2182.9714,0.0,0.0,0
2183.9473,0.0,0.0,0
2184.923,0.0,0.0,0
2185.899,0.0,0.0,0
2186.8748,0.0,0.0,0
2187.8506,0.0,0.0,0
2188.8267,0.0,0.0,0
2189.8025,0.0,0.0,0
2190.7783,0.0,0.0,0
2191.7542,0.0,0.0,0
2192.73,0.0,0.0,0
2193.7058,0.0,0.0,0
2194.6816,0.0,0.0,0
2195.6575,0.0,0.0,0
2196.6333,0.0,0.0,0
2197.6091,0.0,0.0,0
2198.585,0.0,0.0,0
2199.5608,0.0,0.0,0
2200.5366,0.0,0.0,0
2201.5125,0.0,0.0,0
2202.4885,0.0,0.0,0
2203.4644,0.0,0.0,0
2204.4402,0.0,0.0,0
2205.416,0.0,0.0,0
2206.3918,0.0,0.0,0
2207.3677,0.0,0.0,0
2208.3435,0.0,0.0,0
2209.3193,0.0,0.0,0
2210.2952,0.0,0.0,0
2211.271,0.0,0.0,0
2212.2468,0.0,0.0,0
2213.2227,0.0,0.0,0
2214.1985,0.0,0.0,0
2215.1743,0.0,0.0,0
2216.1504,0.0,0.0,0
2217.1262,0.0,0.0,0
2218.102,0.0,0.0,0
2219.078,0.0,0.0,0
2220.0537,0.0,0.0,0
2221.0295,0.0,0.0,0
2222.0054,0.0,0.0,0
2222.9812,0.0,0.0,0
2223.957,0.0,0.0,0
2224.9329,0.0,0.0,0
2225.9087,0.0,0.0,0
2226.8845,0.0,0.0,0
2227.8604,0.0,0.0,0
2228.8362,0.0,0.0,0
2229.8123,0.0,0.0,0
2230.788,0.0,0.0,0
2231.764,0.0,0.0,0
2232.7397,0.0,0.0,0
2233.7156,0.0,0.0,0
2234.6914,0.0,0.0,0
2235.6672,0.0,0.0,0
2236.643,0.0,0.0,0
2237.619,0.0,0.0,0
2238.5947,0.0,0.0,0
2239.5706,0.0,0.0,0
2240.5464,0.0,0.0,0
2241.5222,0.0,0.0,0
2242.4983,0.0,0.0,0
2243.474,0.0,0.0,0
2244.45,0.0,0.0,0
2245.4258,0.0,0.0,0
2246.4016,0.0,0.0,0
2247.3774,0.0,0.0,0
2248.3533,0.0,0.0,0
2249.329,0.0,0.0,0
2250.305,0.0,0.0,0
2251.2808,0.0,0.0,0
2252.2566,0.0,0.0,0
2253.2324,0.0,0.0,0
2254.2083,0.0,0.0,0
2255.184,0.0,0.0,0
2256.1602,0.0,0.0,0
2257.136,0.0,0.0,0
2258.1118,0.0,0.0,0
2259.0876,0.0,0.0,0
2260.0635,0.0,0.0,0
2261.0393,0.0,0.0,0
2262.0151,0.0,0.0,0
2262.991,0.0,0.0,0
2263.9668,0.0,0.0,0
2264.9426,0.0,0.0,0
2265.9185,0.0,0.0,0
2266.8943,0.0,0.0,0
2267.87,0.0,0.0,0
2268.846,0.0,0.0,0
2269.822,0.0,0.0,0
2270.7979,0.0,0.0,0
2271.7737,0.0,0.0,0
2272.7495,0.0,0.0,0
2273.7253,0.0,0.0,0
2274.7012,0.0,0.0,0
2275.677,0.0,0.0,0
2276.6528,0.0,0.0,0
2277.6287,0.0,0.0,0
2278.6045,0.0,0.0,0
2279.5803,0.0,0.0,0
2280.5562,0.0,0.0,0
2281.532,0.0,0.0,0
2282.5078,0.0,0.0,0
2283.484,0.0,0.0,0
2284.4597,0.0,0.0,0
2285.4355,0.0,0.0,0
2286.4114,0.0,0.0,0
2287.3872,0.0,0.0,0
2288.363,0.0,0.0,0
2289.3389,0.0,0.0,0
2290.3147,0.0,0.0,0
2291.2905,0.0,0.0,0
2292.2664,0.0,0.0,0
2293.2422,0.0,0.0,0
2294.218,0.0,0.0,0
2295.1938,0.0,0.0,0
2296.1697,0.0,0.0,0
2297.1458,0.0,0.0,0
2298.1216,0.0,0.0,0
2299.0974,0.0,0.0,0
2300.0732,0.0,0.0,0
2301.049,0.0,0.0,0
2302.025,0.0,0.0,0
2303.0007,0.0,0.0,0
2303.9766,0.0,0.0,0
2304.9524,0.0,0.0,0
2305.9282,0.0,0.0,0
2306.904,0.0,0.0,0
2307.88,0.0,0.0,0
2308.8557,0.0,0.0,0
2309.8318,0.0,0.0,0
2310.8076,0.0,0.0,0
2311.7834,0.0,0.0,0
2312.7593,0.0,0.0,0
2313.735,0.0,0.0,0
2314.711,0.0,0.0,0
2315.6868,0.0,0.0,0
2316.6626,0.0,0.0,0
2317.6384,0.0,0.0,0
2318.6143,0.0,0.0,0
2319.59,0.0,0.0,0
2320.566,0.0,0.0,0
2321.5417,0.0,0.0,0
2322.5176,0.0,0.0,0
2323.4937,0.0,0.0,0
2324.4695,0.0,0.0,0
2325.4453,0.0,0.0,0
2326.4211,0.0,0.0,0
2327.397,0.0,0.0,0
2328.3728,0.0,0.0,0
2329.3486,0.0,0.0,0
2330.3245,0.0,0.0,0
2331.3003,0.0,0.0,0
2332.2761,0.0,0.0,0
2333.252,0.0,0.0,0
2334.2278,0.0,0.0,0
2335.2036,0.0,0.0,0
2336.1794,0.0,0.0,0
2337.1555,0.0,0.0,0
2338.1313,0.0,0.0,0
2339.1072,0.0,0.0,0
2340.083,0.0,0.0,0
2341.0588,0.0,0.0,0
2342.0347,0.0,0.0,0
2343.0105,0.0,0.0,0
2343.9863,0.0,0.0,0
2344.9622,0.0,0.0,0
2345.938,0.0,0.0,0
2346.9138,0.0,0.0,0
2347.8896,0.0,0.0,0
2348.8655,0.0,0.0,0
2349.8413,0.0,0.0,0
2350.8174,0.0,0.0,0
2351.7932,0.0,0.0,0
2352.769,0.0,0.0,0
2353.7449,0.0,0.0,0
2354.7207,0.0,0.0,0
2355.6965,0.0,0.0,0
2356.6724,0.0,0.0,0
2357.6482,0.0,0.0,0
2358.624,0.0,0.0,0
2359.5999,0.0,0.0,0
2360.5757,0.0,0.0,0
2361.5515,0.0,0.0,0
2362.5273,0.0,0.0,0
2363.5032,0.0,0.0,0
2364.4792,0.0,0.0,0
2365.455,0.0,0.0,0
2366.431,0.0,0.0,0
2367.4067,0.0,0.0,0
2368.3826,0.0,0.0,0
2369.3584,0.0,0.0,0
2370.3342,0.0,0.0,0
2371.31,0.0,0.0,0
2372.286,0.0,0.0,0
2373.2617,0.0,0.0,0
2374.2375,0.0,0.0,0
2375.2134,0.0,0.0,0
2376.1892,0.0,0.0,0
2377.1653,0.0,0.0,0
2378.141,0.0,0.0,0
2379.117,0.0,0.0,0
2380.0928,0.0,0.0,0
2381.0686,0.0,0.0,0
2382.0444,0.0,0.0,0
2383.0203,0.0,0.0,0
2383.996,0.0,0.0,0
2384.972,0.0,0.0,0
2385.9478,0.0,0.0,0
2386.9236,0.0,0.0,0
2387.8994,0.0,0.0,0
2388.8752,0.0,0.0,0
2389.851,0.0,0.0,0
2390.8271,0.0,0.0,0
2391.803,0.0,0.0,0
2392.7788,0.0,0.0,0
2393.7546,0.0,0.0,0
2394.7305,0.0,0.0,0
2395.7063,0.0,0.0,0
2396.6821,0.0,0.0,0
2397.658,0.0,0.0,0
2398.6338,0.0,0.0,0
2399.6096,0.0,0.0,0
2400.5854,0.0,0.0,0
2401.5613,0.0,0.0,0
2402.537,0.0,0.0,0
2403.513,0.0,0.0,0
2404.489,0.0,0.0,0
2405.4648,0.0,0.0,0
2406.4407,0.0,0.0,0
2407.4165,0.0,0.0,0
2408.3923,0.0,0.0,0
2409.3682,0.0,0.0,0
2410.344,0.0,0.0,0
2411.3198,0.0,0.0,0
2412.2957,0.0,0.0,0
2413.2715,0.0,0.0,0
2414.2473,0.0,0.0,0
2415.2231,0.0,0.0,0
2416.199,0.0,0.0,0
2417.1748,0.0,0.0,0
2418.151,0.0,0.0,0
2419.1267,0.0,0.0,0
2420.1025,0.0,0.0,0
2421.0784,0.0,0.0,0
2422.0542,0.0,0.0,0
2423.03,0.0,0.0,0
2424.0059,0.0,0.0,0
2424.9817,0.0,0.0,0
2425.9575,0.0,0.0,0
2426.9333,0.0,0.0,0
2427.9092,0.0,0.0,0
2428.885,0.0,0.0,0
2429.8608,0.0,0.0,0
2430.8367,0.0,0.0,0
2431.8127,0.0,0.0,0
2432.7886,0.0,0.0,0
2433.7644,0.0,0.0,0
2434.7402,0.0,0.0,0
2435.716,0.0,0.0,0
2436.692,0.0,0.0,0
2437.6677,0.0,0.0,0
2438.6436,0.0,0.0,0
2439.6194,0.0,0.0,0
2440.5952,0.0,0.0,0
2441.571,0.0,0.0,0
2442.5469,0.0,0.0,0
2443.5227,0.0,0.0,0
2444.4988,0.0,0.0,0
2445.4746,0.0,0.0,0
2446.4504,0.0,0.0,0
2447.4263,0.0,0.0,0
2448.402,0.0,0.0,0
2449.378,0.0,0.0,0
2450.3538,0.0,0.0,0
2451.3296,0.0,0.0,0
2452.3054,0.0,0.0,0
2453.2812,0.0,0.0,0
2454.257,0.0,0.0,0
2455.233,0.0,0.0,0
2456.2087,0.0,0.0,0
2457.1846,0.0,0.0,0
2458.1606,0.0,0.0,0
2459.1365,0.0,0.0,0
2460.1123,0.0,0.0,0
2461.0881,0.0,0.0,0
2462.064,0.0,0.0,0
2463.0398,0.0,0.0,0
2464.0156,0.0,0.0,0
2464.9915,0.0,0.0,0
2465.9673,0.0,0.0,0
2466.943,0.0,0.0,0
2467.919,0.0,0.0,0
2468.8948,0.0,0.0,0
2469.8706,0.0,0.0,0
2470.8464,0.0,0.0,0
2471.8225,0.0,0.0,0
2472.7983,0.0,0.0,0
2473.7742,0.0,0.0,0
2474.75,0.0,0.0,0
2475.7258,0.0,0.0,0
2476.7017,0.0,0.0,0
2477.6775,0.0,0.0,0
2478.6533,0.0,0.0,0
2479.6292,0.0,0.0,0
2480.605,0.0,0.0,0
2481.5808,0.0,0.0,0
2482.5566,0.0,0.0,0
2483.5325,0.0,0.0,0
2484.5083,0.0,0.0,0
2485.4844,0.0,0.0,0
2486.4602,0.0,0.0,0
2487.436,0.0,0.0,0
2488.4119,0.0,0.0,0
2489.3877,0.0,0.0,0
2490.3635,0.0,0.0,0
2491.3394,0.0,0.0,0
2492.3152,0.0,0.0,0
2493.291,0.0,0.0,0
2494.2668,0.0,0.0,0
2495.2427,0.0,0.0,0
2496.2185,0.0,0.0,0
2497.1943,0.0,0.0,0
2498.1702,0.0,0.0,0
2499.1462,0.0,0.0,0
2500.122,0.0,0.0,0
2501.098,0.0,0.0,0
2502.0737,0.0,0.0,0
2503.0496,0.0,0.0,0
2504.0254,0.0,0.0,0
2505.0012,0.0,0.0,0
2505.977,0.0,0.0,0
2506.953,0.0,0.0,0
2507.9287,0.0,0.0,0
2508.9045,0.0,0.0,0
2509.8804,0.0,0.0,0
2510.8562,0.0,0.0,0
2511.8323,0.0,0.0,0
2512.808,0.0,0.0,0
2513.784,0.0,0.0,0
2514.7598,0.0,0.0,0
2515.7356,0.0,0.0,0
2516.7114,0.0,0.0,0
2517.6873,0.0,0.0,0
2518.663,0.0,0.0,0
2519.639,0.0,0.0,0
2520.6147,0.0,0.0,0
2521.5906,0.0,0.0,0
2522.5664,0.0,0.0,0
2523.5422,0.0,0.0,0
2524.518,0.0,0.0,0
2525.4941,0.0,0.0,0
2526.47,0.0,0.0,0
2527.4458,0.0,0.0,0
2528.4216,0.0,0.0,0
2529.3975,0.0,0.0,0
2530.3733,0.0,0.0,0
2531.349,0.0,0.0,0
2532.325,0.0,0.0,0
2533.3008,0.0,0.0,0
2534.2766,0.0,0.0,0
2535.2524,0.0,0.0,0
2536.2283,0.0,0.0,0
2537.204,0.0,0.0,0
2538.18,0.0,0.0,0
2539.156,0.0,0.0,0
2540.1318,0.0,0.0,0
2541.1077,0.0,0.0,0
2542.0835,0.0,0.0,0
2543.0593,0.0,0.0,0
2544.0352,0.0,0.0,0
2545.011,0.0,0.0,0
2545.9868,0.0,0.0,0
2546.9626,0.0,0.0,0
2547.9385,0.0,0.0,0
2548.9143,0.0,0.0,0
2549.8901,0.0,0.0,0
2550.866,0.0,0.0,0
2551.8418,0.0,0.0,0
2552.8179,0.0,0.0,0
2553.7937,0.0,0.0,0
2554.7695,0.0,0.0,0
2555.7454,0.0,0.0,0
2556.7212,0.0,0.0,0
2557.697,0.0,0.0,0
2558.6729,0.0,0.0,0
2559.6487,0.0,0.0,0
2560.6245,0.0,0.0,0
2561.6003,0.0,0.0,0
2562.5762,0.0,0.0,0
2563.552,0.0,0.0,0
2564.5278,0.0,0.0,0
2565.5037,0.0,0.0,0
2566.4797,0.0,0.0,0
2567.4556,0.0,0.0,0
2568.4314,0.0,0.0,0
2569.4072,0.0,0.0,0
2570.383,0.0,0.0,0
2571.359,0.0,0.0,0
2572.3347,0.0,0.0,0
2573.3105,0.0,0.0,0
2574.2864,0.0,0.0,0
2575.2622,0.0,0.0,0
2576.238,0.0,0.0,0
2577.2139,0.0,0.0,0
2578.1897,0.0,0.0,0
2579.1658,0.0,0.0,0
2580.1416,0.0,0.0,0
2581.1174,0.0,0.0,0
2582.0933,0.0,0.0,0
2583.069,0.0,0.0,0
2584.045,0.0,0.0,0
2585.0208,0.0,0.0,0
2585.9966,0.0,0.0,0
2586.9724,0.0,0.0,0
2587.9482,0.0,0.0,0
2588.924,0.0,0.0,0
2589.9,0.0,0.0,0
2590.8757,0.0,0.0,0
2591.8516,0.0,0.0,0
2592.8276,0.0,0.0,0
2593.8035,0.0,0.0,0
2594.7793,0.0,0.0,0
2595.7551,0.0,0.0,0
2596.731,0.0,0.0,0
2597.7068,0.0,0.0,0
2598.6826,0.0,0.0,0
2599.6584,0.0,0.0,0
2600.6343,0.0,0.0,0
2601.61,0.0,0.0,0
2602.586,0.0,0.0,0
2603.5618,0.0,0.0,0
2604.5376,0.0,0.0,0
2605.5134,0.0,0.0,0
2606.4895,0.0,0.0,0
2607.4653,0.0,0.0,0
2608.4412,0.0,0.0,0
2609.417,0.0,0.0,0
2610.3928,0.0,0.0,0
2611.3687,0.0,0.0,0
2612.3445,0.0,0.0,0
2613.3203,0.0,0.0,0
2614.2961,0.0,0.0,0
2615.272,0.0,0.0,0
2616.2478,0.0,0.0,0
2617.2236,0.0,0.0,0
2618.1995,0.0,0.0,0
2619.1753,0.0,0.0,0
2620.1514,0.0,0.0,0
2621.1272,0.0,0.0,0
2622.103,0.0,0.0,0
2623.0789,0.0,0.0,0
2624.0547,0.0,0.0,0
2625.0305,0.0,0.0,0
2626.0063,0.0,0.0,0
2626.9822,0.0,0.0,0
2627.958,0.0,0.0,0
2628.9338,0.0,0.0,0
2629.9097,0.0,0.0,0
2630.8855,0.0,0.0,0
2631.8613,0.0,0.0,0
2632.8372,0.0,0.0,0
2633.8132,0.0,0.0,0
2634.789,0.0,0.0,0
2635.765,0.0,0.0,0
2636.7407,0.0,0.0,0
2637.7166,0.0,0.0,0
2638.6924,0.0,0.0,0
2639.6682,0.0,0.0,0
2640.644,0.0,0.0,0
2641.6199,0.0,0.0,0
2642.5957,0.0,0.0,0
2643.5715,0.0,0.0,0
2644.5474,0.0,0.0,0
2645.5232,0.0,0.0,0
2646.4993,0.0,0.0,0
2647.475,0.0,0.0,0
2648.451,0.0,0.0,0
2649.4268,0.0,0.0,0
2650.4026,0.0,0.0,0
2651.3784,0.0,0.0,0
2652.3542,0.0,0.0,0
2653.33,0.0,0.0,0
2654.306,0.0,0.0,0
2655.2817,0.0,0.0,0
2656.2576,0.0,0.0,0
2657.2334,0.0,0.0,0
2658.2092,0.0,0.0,0
2659.185,0.0,0.0,0
2660.1611,0.0,0.0,0
2661.137,0.0,0.0,0
2662.1128,0.0,0.0,0
2663.0886,0.0,0.0,0
2664.0645,0.0,0.0,0
2665.0403,0.0,0.0,0
2666.016,0.0,0.0,0
2666.992,0.0,0.0,0
2667.9678,0.0,0.0,0
2668.9436,0.0,0.0,0
2669.9194,0.0,0.0,0
2670.8953,0.0,0.0,0
2671.871,0.0,0.0,0
2672.847,0.0,0.0,0
2673.823,0.0,0.0,0
2674.7988,0.0,0.0,0
2675.7747,0.0,0.0,0
2676.7505,0.0,0.0,0
2677.7263,0.0,0.0,0
2678.7021,0.0,0.0,0
2679.678,0.0,0.0,0
2680.6538,0.0,0.0,0
2681.6296,0.0,0.0,0
2682.6055,0.0,0.0,0
2683.5813,0.0,0.0,0
2684.5571,0.0,0.0,0
2685.533,0.0,0.0,0
2686.5088,0.0,0.0,0
2687.4849,0.0,0.0,0
2688.4607,0.0,0.0,0
2689.4365,0.0,0.0,0
2690.4124,0.0,0.0,0
2691.3882,0.0,0.0,0
2692.364,0.0,0.0,0
2693.3398,0.0,0.0,0
2694.3157,0.0,0.0,0
2695.2915,0.0,0.0,0
2696.2673,0.0,0.0,0
2697.2432,0.0,0.0,0
2698.219,0.0,0.0,0
2699.1948,0.0,0.0,0
2700.1707,0.0,0.0,0
2701.1467,0.0,0.0,0
2702.1226,0.0,0.0,0
2703.0984,0.0,0.0,0
2704.0742,0.0,0.0,0
2705.05,0.0,0.0,0
2706.026,0.0,0.0,0
2707.0017,0.0,0.0,0
2707.9775,0.0,0.0,0
2708.9534,0.0,0.0,0
2709.9292,0.0,0.0,0
2710.905,0.0,0.0,0
2711.8809,0.0,0.0,0
2712.8567,0.0,0.0,0
2713.8328,0.0,0.0,0
2714.8086,0.0,0.0,0
2715.7844,0.0,0.0,0
2716.7603,0.0,0.0,0
2717.736,0.0,0.0,0
2718.712,0.0,0.0,0
2719.6877,0.0,0.0,0
2720.6636,0.0,0.0,0
2721.6394,0.0,0.0,0
2722.6152,0.0,0.0,0
2723.591,0.0,0.0,0
2724.567,0.0,0.0,0
2725.5427,0.0,0.0,0
2726.5186,0.0,0.0,0
2727.4946,0.0,0.0,0
2728.4705,0.0,0.0,0
2729.4463,0.0,0.0,0
2730.422,0.0,0.0,0
2731.398,0.0,0.0,0
2732.3738,0.0,0.0,0
2733.3496,0.0,0.0,0
2734.3254,0.0,0.0,0
2735.3013,0.0,0.0,0
2736.277,0.0,0.0,0
2737.253,0.0,0.0,0
2738.2288,0.0,0.0,0
2739.2046,0.0,0.0,0
2740.1804,0.0,0.0,0
2741.1565,0.0,0.0,0
2742.1323,0.0,0.0,0
2743.1082,0.0,0.0,0
2744.084,0.0,0.0,0
2745.0598,0.0,0.0,0
2746.0356,0.0,0.0,0
2747.0115,0.0,0.0,0
2747.9873,0.0,0.0,0
2748.9631,0.0,0.0,0
2749.939,0.0,0.0,0
2750.9148,0.0,0.0,0
2751.8906,0.0,0.0,0
2752.8665,0.0,0.0,0
2753.8423,0.0,0.0,0
2754.8184,0.0,0.0,0
2755.7942,0.0,0.0,0
2756.77,0.0,0.0,0
2757.7458,0.0,0.0,0
2758.7217,0.0,0.0,0
2759.6975,0.0,0.0,0
2760.6733,0.0,0.0,0
2761.6492,0.0,0.0,0
2762.625,0.0,0.0,0
2763.6008,0.0,0.0,0
2764.5767,0.0,0.0,0
2765.5525,0.0,0.0,0
2766.5283,0.0,0.0,0
2767.5042,0.0,0.0,0
2768.4802,0.0,0.0,0
2769.456,0.0,0.0,0
2770.432,0.0,0.0,0
2771.4077,0.0,0.0,0
2772.3835,0.0,0.0,0
2773.3594,0.0,0.0,0
2774.3352,0.0,0.0,0
2775.311,0.0,0.0,0
2776.2869,0.0,0.0,0
2777.2627,0.0,0.0,0
2778.2385,0.0,0.0,0
2779.2144,0.0,0.0,0
2780.1902,0.0,0.0,0
2781.1663,0.0,0.0,0
2782.142,0.0,0.0,0
2783.118,0.0,0.0,0
2784.0938,0.0,0.0,0
2785.0696,0.0,0.0,0
2786.0454,0.0,0.0,0
2787.0212,0.0,0.0,0
2787.997,0.0,0.0,0
2788.973,0.0,0.0,0
2789.9487,0.0,0.0,0
2790.9246,0.0,0.0,0
2791.9004,0.0,0.0,0
2792.8762,0.0,0.0,0
2793.852,0.0,0.0,0
2794.8281,0.0,0.0,0
2795.804,0.0,0.0,0
2796.7798,0.0,0.0,0
2797.7556,0.0,0.0,0
2798.7314,0.0,0.0,0
2799.7073,0.0,0.0,0
2800.683,0.0,0.0,0
2801.659,0.0,0.0,0
2802.6348,0.0,0.0,0
2803.6106,0.0,0.0,0
2804.5864,0.0,0.0,0
2805.5623,0.0,0.0,0
2806.538,0.0,0.0,0
2807.514,0.0,0.0,0
2808.49,0.0,0.0,0
2809.4658,0.0,0.0,0
2810.4417,0.0,0.0,0
2811.4175,0.0,0.0,0
2812.3933,0.0,0.0,0
2813.3691,0.0,0.0,0
2814.345,0.0,0.0,0
2815.3208,0.0,0.0,0
2816.2966,0.0,0.0,0
2817.2725,0.0,0.0,0
2818.2483,0.0,0.0,0
2819.224,0.0,0.0,0
2820.2,0.0,0.0,0
2821.1758,0.0,0.0,0
2822.1519,0.0,0.0,0
2823.1277,0.0,0.0,0
2824.1035,0.0,0.0,0
2825.0793,0.0,0.0,0
2826.0552,0.0,0.0,0
2827.031,0.0,0.0,0
2828.0068,0.0,0.0,0
2828.9827,0.0,0.0,0
2829.9585,0.0,0.0,0
2830.9343,0.0,0.0,0
2831.9102,0.0,0.0,0
2832.886,0.0,0.0,0
2833.8618,0.0,0.0,0
2834.8376,0.0,0.0,0
2835.8137,0.0,0.0,0
2836.7896,0.0,0.0,0
2837.7654,0.0,0.0,0
2838.7412,0.0,0.0,0
2839.717,0.0,0.0,0
2840.6929,0.0,0.0,0
2841.6687,0.0,0.0,0
2842.6445,0.0,0.0,0
2843.6204,0.0,0.0,0
2844.5962,0.0,0.0,0
2845.572,0.0,0.0,0
2846.5479,0.0,0.0,0
2847.5237,0.0,0.0,0
2848.4998,0.0,0.0,0
2849.4756,0.0,0.0,0
2850.4514,0.0,0.0,0
2851.4272,0.0,0.0,0
2852.403,0.0,0.0,0
2853.379,0.0,0.0,0
2854.3547,0.0,0.0,0
2855.3306,0.0,0.0,0
2856.3064,0.0,0.0,0
2857.2822,0.0,0.0,0
2858.258,0.0,0.0,0
2859.234,0.0,0.0,0
2860.2097,0.0,0.0,0
2861.1855,0.0,0.0,0
2862.1616,0.0,0.0,0
2863.1375,0.0,0.0,0
2864.1133,0.0,0.0,0
2865.089,0.0,0.0,0
2866.065,0.0,0.0,0
2867.0408,0.0,0.0,0
2868.0166,0.0,0.0,0
2868.9924,0.0,0.0,0
2869.9683,0.0,0.0,0
2870.944,0.0,0.0,0
2871.92,0.0,0.0,0
2872.8958,0.0,0.0,0
2873.8716,0.0,0.0,0
2874.8474,0.0,0.0,0
2875.8235,0.0,0.0,0
2876.7993,0.0,0.0,0
2877.7751,0.0,0.0,0
2878.751,0.0,0.0,0
2879.7268,0.0,0.0,0
2880.7026,0.0,0.0,0
2881.6785,0.0,0.0,0
2882.6543,0.0,0.0,0
2883.6301,0.0,0.0,0
2884.606,0.0,0.0,0
2885.5818,0.0,0.0,0
2886.5576,0.0,0.0,0
2887.5334,0.0,0.0,0
2888.5093,0.0,0.0,0
2889.4854,0.0,0.0,0
2890.4612,0.0,0.0,0
2891.437,0.0,0.0,0
2892.4128,0.0,0.0,0
2893.3887,0.0,0.0,0
2894.3645,0.0,0.0,0
2895.3403,0.0,0.0,0
2896.3162,0.0,0.0,0
2897.292,0.0,0.0,0
2898.2678,0.0,0.0,0
2899.2437,0.0,0.0,0
2900.2195,0.0,0.0,0
2901.1953,0.0,0.0,0
2902.1711,0.0,0.0,0
2903.1472,0.0,0.0,0
2904.123,0.0,0.0,0
2905.0989,0.0,0.0,0
2906.0747,0.0,0.0,0
2907.0505,0.0,0.0,0
2908.0264,0.0,0.0,0
2909.0022,0.0,0.0,0
2909.978,0.0,0.0,0
2910.9539,0.0,0.0,0
2911.9297,0.0,0.0,0
2912.9055,0.0,0.0,0
2913.8813,0.0,0.0,0
2914.8572,0.0,0.0,0
2915.8333,0.0,0.0,0
2916.809,0.0,0.0,0
2917.785,0.0,0.0,0
2918.7607,0.0,0.0,0
2919.7366,0.0,0.0,0
2920.7124,0.0,0.0,0
2921.6882,0.0,0.0,0
2922.664,0.0,0.0,0
2923.64,0.0,0.0,0
2924.6157,0.0,0.0,0
2925.5916,0.0,0.0,0
2926.5674,0.0,0.0,0
2927.5432,0.0,0.0,0
2928.519,0.0,0.0,0
2929.495,0.0,0.0,0
2930.471,0.0,0.0,0
2931.4468,0.0,0.0,0
2932.4226,0.0,0.0,0
2933.3984,0.0,0.0,0
2934.3743,0.0,0.0,0
2935.35,0.0,0.0,0
2936.326,0.0,0.0,0
2937.3018,0.0,0.0,0
2938.2776,0.0,0.0,0
2939.2534,0.0,0.0,0
2940.2292,0.0,0.0,0
2941.205,0.0,0.0,0
2942.181,0.0,0.0,0
2943.157,0.0,0.0,0
2944.1328,0.0,0.0,0
2945.1086,0.0,0.0,0
2946.0845,0.0,0.0,0
2947.0603,0.0,0.0,0
2948.0361,0.0,0.0,0
2949.012,0.0,0.0,0
2949.9878,0.0,0.0,0
2950.9636,0.0,0.0,0
2951.9395,0.0,0.0,0
2952.9153,0.0,0.0,0
2953.891,0.0,0.0,0
2954.867,0.0,0.0,0
2955.8428,0.0,0.0,0
2956.8188,0.0,0.0,0
2957.7947,0.0,0.0,0
2958.7705,0.0,0.0,0
2959.7463,0.0,0.0,0
2960.7222,0.0,0.0,0
2961.698,0.0,0.0,0
2962.6738,0.0,0.0,0
2963.6497,0.0,0.0,0
2964.6255,0.0,0.0,0
2965.6013,0.0,0.0,0
2966.5771,0.0,0.0,0
2967.553,0.0,0.0,0
2968.5288,0.0,0.0,0
2969.5046,0.0,0.0,0
2970.4807,0.0,0.0,0
2971.4565,0.0,0.0,0
2972.4324,0.0,0.0,0
2973.4082,0.0,0.0,0
2974.384,0.0,0.0,0
2975.3599,0.0,0.0,0
2976.3357,0.0,0.0,0
2977.3115,0.0,0.0,0
2978.2874,0.0,0.0,0
2979.2632,0.0,0.0,0
2980.239,0.0,0.0,0
2981.2148,0.0,0.0,0
2982.1907,0.0,0.0,0
2983.1667,0.0,0.0,0
2984.1426,0.0,0.0,0
2985.1184,0.0,0.0,0
2986.0942,0.0,0.0,0
2987.07,0.0,0.0,0
2988.046,0.0,0.0,0
2989.0217,0.0,0.0,0
2989.9976,0.0,0.0,0
2990.9734,0.0,0.0,0
2991.9492,0.0,0.0,0
2992.925,0.0,0.0,0
2993.901,0.0,0.0,0
2994.8767,0.0,0.0,0
2995.8525,0.0,0.0,0
2996.8286,0.0,0.0,0
2997.8044,0.0,0.0,0
2998.7803,0.0,0.0,0
2999.756,0.0,0.0,0
3000.732,0.0,0.0,0
3001.7078,0.0,0.0,0
3002.6836,0.0,0.0,0
3003.6594,0.0,0.0,0
3004.6353,0.0,0.0,0
3005.611,0.0,0.0,0
3006.587,0.0,0.0,0
3007.5627,0.0,0.0,0
3008.5386,0.0,0.0,0
3009.5144,0.0,0.0,0
3010.4905,0.0,0.0,0
3011.4663,0.0,0.0,0
3012.4421,0.0,0.0,0
3013.418,0.0,0.0,0
3014.3938,0.0,0.0,0
3015.3696,0.0,0.0,0
3016.3455,0.0,0.0,0
3017.3213,0.0,0.0,0
3018.297,0.0,0.0,0
3019.273,0.0,0.0,0
3020.2488,0.0,0.0,0
3021.2246,0.0,0.0,0
3022.2004,0.0,0.0,0
3023.1763,0.0,0.0,0
3024.1523,0.0,0.0,0
3025.1282,0.0,0.0,0
3026.104,0.0,0.0,0
3027.0798,0.0,0.0,0
3028.0557,0.0,0.0,0
3029.0315,0.0,0.0,0
3030.0073,0.0,0.0,0
3030.9832,0.0,0.0,0
3031.959,0.0,0.0,0
3032.9348,0.0,0.0,0
3033.9106,0.0,0.0,0
3034.8865,0.0,0.0,0
3035.8623,0.0,0.0,0
3036.8381,0.0,0.0,0
3037.8142,0.0,0.0,0
3038.79,0.0,0.0,0
3039.7659,0.0,0.0,0
3040.7417,0.0,0.0,0
3041.7175,0.0,0.0,0
3042.6934,0.0,0.0,0
3043.6692,0.0,0.0,0
3044.645,0.0,0.0,0
3045.6208,0.0,0.0,0
3046.5967,0.0,0.0,0
3047.5725,0.0,0.0,0
3048.5483,0.0,0.0,0
3049.5242,0.0,0.0,0
3050.5,0.0,0.0,0
3051.476,0.0,0.0,0
3052.452,0.0,0.0,0
3053.4277,0.0,0.0,0
3054.4036,0.0,0.0,0
3055.3794,0.0,0.0,0
3056.3552,0.0,0.0,0
3057.331,0.0,0.0,0
3058.307,0.0,0.0,0
3059.2827,0.0,0.0,0
3060.2585,0.0,0.0,0
3061.2344,0.0,0.0,0
3062.2102,0.0,0.0,0
3063.186,0.0,0.0,0
3064.162,0.0,0.0,0
3065.138,0.0,0.0,0
3066.1138,0.0,0.0,0
3067.0896,0.0,0.0,0
3068.0654,0.0,0.0,0
3069.0413,0.0,0.0,0
3070.017,0.0,0.0,0
3070.993,0.0,0.0,0
3071.9688,0.0,0.0,0
3072.9446,0.0,0.0,0
3073.9204,0.0,0.0,0
3074.8962,0.0,0.0,0
3075.872,0.0,0.0,0
3076.848,0.0,0.0,0
3077.824,0.0,0.0,0
3078.7998,0.0,0.0,0
3079.7756,0.0,0.0,0
3080.7515,0.0,0.0,0
3081.7273,0.0,0.0,0
3082.7031,0.0,0.0,0
3083.679,0.0,0.0,0
3084.6548,0.0,0.0,0
3085.6306,0.0,0.0,0
3086.6064,0.0,0.0,0
3087.5823,0.0,0.0,0
3088.558,0.0,0.0,0
3089.534,0.0,0.0,0
3090.5098,0.0,0.0,0
3091.4858,0.0,0.0,0
3092.4617,0.0,0.0,0
3093.4375,0.0,0.0,0
3094.4133,0.0,0.0,0
3095.3892,0.0,0.0,0
3096.365,0.0,0.0,0
3097.3408,0.0,0.0,0
3098.3167,0.0,0.0,0
3099.2925,0.0,0.0,0
3100.2683,0.0,0.0,0
3101.2441,0.0,0.0,0
3102.22,0.0,0.0,0
3103.1958,0.0,0.0,0
3104.1716,0.0,0.0,0
3105.1477,0.0,0.0,0
3106.1235,0.0,0.0,0
3107.0994,0.0,0.0,0
3108.0752,0.0,0.0,0
3109.051,0.0,0.0,0
3110.0269,0.0,0.0,0
3111.0027,0.0,0.0,0
3111.9785,0.0,0.0,0
3112.9543,0.0,0.0,0
3113.9302,0.0,0.0,0
3114.906,0.0,0.0,0
3115.8818,0.0,0.0,0
3116.8577,0.0,0.0,0
3117.8335,0.0,0.0,0
3118.8096,0.0,0.0,0
3119.7854,0.0,0.0,0
3120.7612,0.0,0.0,0
3121.737,0.0,0.0,0
3122.713,0.0,0.0,0
3123.6887,0.0,0.0,0
3124.6646,0.0,0.0,0
3125.6404,0.0,0.0,0
3126.6162,0.0,0.0,0
3127.592,0.0,0.0,0
3128.5679,0.0,0.0,0
3129.5437,0.0,0.0,0
3130.5195,0.0,0.0,0
3131.4956,0.0,0.0,0
3132.4714,0.0,0.0,0
3133.4473,0.0,0.0,0
3134.423,0.0,0.0,0
3135.399,0.0,0.0,0
3136.3748,0.0,0.0,0
3137.3506,0.0,0.0,0
3138.3264,0.0,0.0,0
3139.3022,0.0,0.0,0
3140.278,0.0,0.0,0
3141.254,0.0,0.0,0
3142.2297,0.0,0.0,0
3143.2056,0.0,0.0,0
3144.1814,0.0,0.0,0
3145.1575,0.0,0.0,0
3146.1333,0.0,0.0,0
3147.1091,0.0,0.0,0
3148.085,0.0,0.0,0
3149.0608,0.0,0.0,0
3150.0366,0.0,0.0,0
3151.0125,0.0,0.0,0
3151.9883,0.0,0.0,0
3152.964,0.0,0.0,0
3153.94,0.0,0.0,0
3154.9158,0.0,0.0,0
3155.8916,0.0,0.0,0
3156.8674,0.0,0.0,0
3157.8433,0.0,0.0,0
3158.8193,0.0,0.0,0
3159.7952,0.0,0.0,0
3160.771,0.0,0.0,0
3161.7468,0.0,0.0,0
3162.7227,0.0,0.0,0
3163.6985,0.0,0.0,0
3164.6743,0.0,0.0,0
3165.6501,0.0,0.0,0
3166.626,0.0,0.0,0
3167.6018,0.0,0.0,0
3168.5776,0.0,0.0,0
3169.5535,0.0,0.0,0
3170.5293,0.0,0.0,0
3171.5051,0.0,0.0,0
3172.4812,0.0,0.0,0
3173.457,0.0,0.0,0
3174.4329,0.0,0.0,0
3175.4087,0.0,0.0,0
3176.3845,0.0,0.0,0
3177.3604,0.0,0.0,0
3178.3362,0.0,0.0,0
3179.312,0.0,0.0,0
3180.2878,0.0,0.0,0
3181.2637,0.0,0.0,0
3182.2395,0.0,0.0,0
3183.2153,0.0,0.0,0
3184.1912,0.0,0.0,0
3185.167,0.0,0.0,0
3186.143,0.0,0.0,0
3187.119,0.0,0.0,0
3188.0947,0.0,0.0,0
3189.0706,0.0,0.0,0
3190.0464,0.0,0.0,0
3191.0222,0.0,0.0,0
3191.998,0.0,0.0,0
3192.9739,0.0,0.0,0
3193.9497,0.0,0.0,0
3194.9255,0.0,0.0,0
3195.9014,0.0,0.0,0
3196.8772,0.0,0.0,0
3197.853,0.0,0.0,0
3198.829,0.0,0.0,0
3199.805,0.0,0.0,0
3200.7808,0.0,0.0,0
3201.7566,0.0,0.0,0
3202.7324,0.0,0.0,0
3203.7083,0.0,0.0,0
3204.684,0.0,0.0,0
3205.66,0.0,0.0,0
3206.6357,0.0,0.0,0
3207.6116,0.0,0.0,0
3208.5874,0.0,0.0,0
3209.5632,0.0,0.0,0
3210.539,0.0,0.0,0
3211.515,0.0,0.0,0
3212.491,0.0,0.0,0
3213.4668,0.0,0.0,0
3214.4426,0.0,0.0,0
3215.4185,0.0,0.0,0
3216.3943,0.0,0.0,0
3217.37,0.0,0.0,0
3218.346,0.0,0.0,0
3219.3218,0.0,0.0,0
3220.2976,0.0,0.0,0
3221.2734,0.0,0.0,0
3222.2493,0.0,0.0,0
3223.225,0.0,0.0,0
3224.201,0.0,0.0,0
3225.1768,0.0,0.0,0
3226.1528,0.0,0.0,0
3227.1287,0.0,0.0,0
3228.1045,0.0,0.0,0
3229.0803,0.0,0.0,0
3230.0562,0.0,0.0,0
3231.032,0.0,0.0,0
3232.0078,0.0,0.0,0
3232.9836,0.0,0.0,0
3233.9595,0.0,0.0,0
3234.9353,0.0,0.0,0
3235.9111,0.0,0.0,0
3236.887,0.0,0.0,0
3237.8628,0.0,0.0,0
3238.8386,0.0,0.0,0
3239.8147,0.0,0.0,0
3240.7905,0.0,0.0,0
3241.7664,0.0,0.0,0
3242.7422,0.0,0.0,0
3243.718,0.0,0.0,0
3244.6938,0.0,0.0,0
3245.6697,0.0,0.0,0
3246.6455,0.0,0.0,0
3247.6213,0.0,0.0,0
3248.5972,0.0,0.0,0
3249.573,0.0,0.0,0
3250.5488,0.0,0.0,0
3251.5247,0.0,0.0,0
3252.5005,0.0,0.0,0
3253.4766,0.0,0.0,0
3254.4524,0.0,0.0,0
3255.4282,0.0,0.0,0
3256.404,0.0,0.0,0
3257.38,0.0,0.0,0
3258.3557,0.0,0.0,0
3259.3315,0.0,0.0,0
3260.3074,0.0,0.0,0
3261.2832,0.0,0.0,0
3262.259,0.0,0.0,0
3263.2349,0.0,0.0,0
3264.2107,0.0,0.0,0
3265.1865,0.0,0.0,0
3266.1626,0.0,0.0,0
3267.1384,0.0,0.0,0
3268.1143,0.0,0.0,0
3269.09,0.0,0.0,0
3270.066,0.0,0.0,0
3271.0417,0.0,0.0,0
3272.0176,0.0,0.0,0
3272.9934,0.0,0.0,0
3273.9692,0.0,0.0,0
3274.945,0.0,0.0,0
3275.921,0.0,0.0,0
3276.8967,0.0,0.0,0
3277.8726,0.0,0.0,0
3278.8484,0.0,0.0,0
3279.8245,0.0,0.0,0
3280.8003,0.0,0.0,0
3281.7761,0.0,0.0,0
3282.752,0.0,0.0,0
3283.7278,0.0,0.0,0
3284.7036,0.0,0.0,0
3285.6794,0.0,0.0,0
3286.6553,0.0,0.0,0
3287.631,0.0,0.0,0
3288.607,0.0,0.0,0
3289.5828,0.0,0.0,0
3290.5586,0.0,0.0,0
3291.5344,0.0,0.0,0
3292.5103,0.0,0.0,0
3293.4863,0.0,0.0,0
3294.4622,0.0,0.0,0
3295.438,0.0,0.0,0
3296.4138,0.0,0.0,0
3297.3896,0.0,0.0,0
3298.3655,0.0,0.0,0
3299.3413,0.0,0.0,0
3300.3171,0.0,0.0,0
3301.293,0.0,0.0,0
3302.2688,0.0,0.0,0
3303.2446,0.0,0.0,0
3304.2205,0.0,0.0,0
3305.1963,0.0,0.0,0
3306.172,0.0,0.0,0
3307.1482,0.0,0.0,0
3308.124,0.0,0.0,0
3309.0999,0.0,0.0,0
3310.0757,0.0,0.0,0
3311.0515,0.0,0.0,0
3312.0273,0.0,0.0,0
3313.0032,0.0,0.0,0
3313.979,0.0,0.0,0
3314.9548,0.0,0.0,0
3315.9307,0.0,0.0,0
3316.9065,0.0,0.0,0
3317.8823,0.0,0.0,0
3318.8582,0.0,0.0,0
3319.834,0.0,0.0,0
3320.81,0.0,0.0,0
3321.786,0.0,0.0,0
3322.7617,0.0,0.0,0
3323.7375,0.0,0.0,0
3324.7134,0.0,0.0,0
3325.6892,0.0,0.0,0
3326.665,0.0,0.0,0
3327.6409,0.0,0.0,0
3328.6167,0.0,0.0,0
3329.5925,0.0,0.0,0
3330.5684,0.0,0.0,0
3331.5442,0.0,0.0,0
3332.52,0.0,0.0,0
3333.496,0.0,0.0,0
3334.472,0.0,0.0,0
3335.4478,0.0,0.0,0
3336.4236,0.0,0.0,0
3337.3994,0.0,0.0,0
3338.3752,0.0,0.0,0
3339.351,0.0,0.0,0
3340.327,0.0,0.0,0
3341.3027,0.0,0.0,0
3342.2786,0.0,0.0,0
3343.2544,0.0,0.0,0
3344.2302,0.0,0.0,0
3345.206,0.0,0.0,0
3346.182,0.0,0.0,0
3347.158,0.0,0.0,0
3348.1338,0.0,0.0,0
3349.1096,0.0,0.0,0
3350.0854,0.0,0.0,0
3351.0613,0.0,0.0,0
3352.037,0.0,0.0,0
3353.013,0.0,0.0,0
3353.9888,0.0,0.0,0
3354.9646,0.0,0.0,0
3355.9404,0.0,0.0,0
3356.9163,0.0,0.0,0
3357.892,0.0,0.0,0
3358.868,0.0,0.0,0
3359.8438,0.0,0.0,0
3360.8198,0.0,0.0,0
3361.7957,0.0,0.0,0
3362.7715,0.0,0.0,0
3363.7473,0.0,0.0,0
3364.7231,0.0,0.0,0
3365.699,0.0,0.0,0
3366.6748,0.0,0.0,0
3367.6506,0.0,0.0,0
3368.6265,0.0,0.0,0
3369.6023,0.0,0.0,0
3370.5781,0.0,0.0,0
3371.554,0.0,0.0,0
3372.5298,0.0,0.0,0
3373.5056,0.0,0.0,0
3374.4817,0.0,0.0,0
3375.4575,0.0,0.0,0
3376.4333,0.0,0.0,0
3377.4092,0.0,0.0,0
3378.385,0.0,0.0,0
3379.3608,0.0,0.0,0
3380.3367,0.0,0.0,0
3381.3125,0.0,0.0,0
3382.2883,0.0,0.0,0
3383.2642,0.0,0.0,0
3384.24,0.0,0.0,0
3385.2158,0.0,0.0,0
3386.1917,0.0,0.0,0
3387.1675,0.0,0.0,0
3388.1436,0.0,0.0,0
3389.1194,0.0,0.0,0
3390.0952,0.0,0.0,0
3391.071,0.0,0.0,0
3392.0469,0.0,0.0,0
3393.0227,0.0,0.0,0
3393.9985,0.0,0.0,0
3394.9744,0.0,0.0,0
3395.9502,0.0,0.0,0
3396.926,0.0,0.0,0
3397.9019,0.0,0.0,0
3398.8777,0.0,0.0,0
3399.8535,0.0,0.0,0
3400.8296,0.0,0.0,0
3401.8054,0.0,0.0,0
3402.7812,0.0,0.0,0
3403.757,0.0,0.0,0
3404.733,0.0,0.0,0
3405.7087,0.0,0.0,0
3406.6846,0.0,0.0,0
3407.6604,0.0,0.0,0
3408.6362,0.0,0.0,0
3409.612,0.0,0.0,0
3410.588,0.0,0.0,0
3411.5637,0.0,0.0,0
3412.5396,0.0,0.0,0
3413.5154,0.0,0.0,0
3414.4915,0.0,0.0,0
3415.4673,0.0,0.0,0
3416.443,0.0,0.0,0
3417.419,0.0,0.0,0
3418.3948,0.0,0.0,0
3419.3706,0.0,0.0,0
3420.3464,0.0,0.0,0
3421.3223,0.0,0.0,0
3422.298,0.0,0.0,0
3423.274,0.0,0.0,0
3424.2498,0.0,0.0,0
3425.2256,0.0,0.0,0
3426.2014,0.0,0.0,0
3427.1772,0.0,0.0,0
3428.1533,0.0,0.0,0
3429.1292,0.0,0.0,0
3430.105,0.0,0.0,0
3431.0808,0.0,0.0,0
3432.0566,0.0,0.0,0
3433.0325,0.0,0.0,0
3434.0083,0.0,0.0,0
3434.9841,0.0,0.0,0
3435.96,0.0,0.0,0
3436.9358,0.0,0.0,0
3437.9116,0.0,0.0,0
3438.8875,0.0,0.0,0
3439.8633,0.0,0.0,0
3440.839,0.0,0.0,0
3441.8152,0.0,0.0,0
3442.791,0.0,0.0,0
3443.7668,0.0,0.0,0
3444.7427,0.0,0.0,0
3445.7185,0.0,0.0,0
3446.6943,0.0,0.0,0
3447.6702,0.0,0.0,0
3448.646,0.0,0.0,0
3449.6218,0.0,0.0,0
3450.5977,0.0,0.0,0
3451.5735,0.0,0.0,0
3452.5493,0.0,0.0,0
3453.5251,0.0,0.0,0
3454.501,0.0,0.0,0
3455.477,0.0,0.0,0
3456.453,0.0,0.0,0
3457.4287,0.0,0.0,0
3458.4045,0.0,0.0,0
3459.3804,0.0,0.0,0
3460.3562,0.0,0.0,0
3461.332,0.0,0.0,0
3462.3079,0.0,0.0,0
3463.2837,0.0,0.0,0
3464.2595,0.0,0.0,0
3465.2354,0.0,0.0,0
3466.2112,0.0,0.0,0
3467.187,0.0,0.0,0
3468.163,0.0,0.0,0
3469.139,0.0,0.0,0
3470.1147,0.0,0.0,0
3471.0906,0.0,0.0,0
3472.0664,0.0,0.0,0
3473.0422,0.0,0.0,0
3474.018,0.0,0.0,0
3474.994,0.0,0.0,0
3475.9697,0.0,0.0,0
3476.9456,0.0,0.0,0
3477.9214,0.0,0.0,0
3478.8972,0.0,0.0,0
3479.873,0.0,0.0,0
3480.8489,0.0,0.0,0
3481.825,0.0,0.0,0
3482.8008,0.0,0.0,0
3483.7766,0.0,0.0,0
3484.7524,0.0,0.0,0
3485.7283,0.0,0.0,0
3486.704,0.0,0.0,0
3487.68,0.0,0.0,0
3488.6558,0.0,0.0,0
3489.6316,0.0,0.0,0
3490.6074,0.0,0.0,0
3491.5833,0.0,0.0,0
3492.559,0.0,0.0,0
3493.535,0.0,0.0,0
3494.5107,0.0,0.0,0
3495.4868,0.0,0.0,0
3496.4626,0.0,0.0,0
3497.4385,0.0,0.0,0
3498.4143,0.0,0.0,0
3499.3901,0.0,0.0,0
3500.366,0.0,0.0,0
3501.3418,0.0,0.0,0
3502.3176,0.0,0.0,0
3503.2935,0.0,0.0,0
3504.2693,0.0,0.0,0
3505.245,0.0,0.0,0
3506.221,0.0,0.0,0
3507.1968,0.0,0.0,0
3508.1726,0.0,0.0,0
3509.1487,0.0,0.0,0
3510.1245,0.0,0.0,0
3511.1003,0.0,0.0,0
3512.0762,0.0,0.0,0
3513.052,0.0,0.0,0
3514.0278,0.0,0.0,0
3515.0037,0.0,0.0,0
3515.9795,0.0,0.0,0
3516.9553,0.0,0.0,0
3517.9312,0.0,0.0,0
3518.907,0.0,0.0,0
3519.8828,0.0,0.0,0
3520.8586,0.0,0.0,0
3521.8345,0.0,0.0,0
3522.8105,0.0,0.0,0
3523.7864,0.0,0.0,0
3524.7622,0.0,0.0,0
3525.738,0.0,0.0,0
3526.7139,0.0,0.0,0
3527.6897,0.0,0.0,0
3528.6655,0.0,0.0,0
3529.6414,0.0,0.0,0
3530.6172,0.0,0.0,0
3531.593,0.0,0.0,0
3532.5688,0.0,0.0,0
3533.5447,0.0,0.0,0
3534.5205,0.0,0.0,0
3535.4966,0.0,0.0,0
3536.4724,0.0,0.0,0
3537.4482,0.0,0.0,0
3538.424,0.0,0.0,0
3539.4,0.0,0.0,0
3540.3757,0.0,0.0,0
3541.3516,0.0,0.0,0
3542.3274,0.0,0.0,0
3543.3032,0.0,0.0,0
3544.279,0.0,0.0,0
3545.255,0.0,0.0,0
3546.2307,0.0,0.0,0
3547.2065,0.0,0.0,0
3548.1824,0.0,0.0,0
3549.1584,0.0,0.0,0
3550.1343,0.0,0.0,0
3551.11,0.0,0.0,0
3552.086,0.0,0.0,0
3553.0618,0.0,0.0,0
3554.0376,0.0,0.0,0
3555.0134,0.0,0.0,0
3555.9893,0.0,0.0,0
3556.965,0.0,0.0,0
3557.941,0.0,0.0,0
3558.9167,0.0,0.0,0
3559.8926,0.0,0.0,0
3560.8684,0.0,0.0,0
3561.8442,0.0,0.0,0
3562.8203,0.0,0.0,0
3563.7961,0.0,0.0,0
3564.772,0.0,0.0,0
3565.7478,0.0,0.0,0
3566.7236,0.0,0.0,0
3567.6995,0.0,0.0,0
3568.6753,0.0,0.0,0
3569.6511,0.0,0.0,0
3570.627,0.0,0.0,0
3571.6028,0.0,0.0,0
3572.5786,0.0,0.0,0
3573.5544,0.0,0.0,0
3574.5303,0.0,0.0,0
3575.506,0.0,0.0,0
3576.4822,0.0,0.0,0
3577.458,0.0,0.0,0
3578.4338,0.0,0.0,0
3579.4097,0.0,0.0,0
3580.3855,0.0,0.0,0
3581.3613,0.0,0.0,0
3582.3372,0.0,0.0,0
3583.313,0.0,0.0,0
3584.2888,0.0,0.0,0
3585.2646,0.0,0.0,0
3586.2405,0.0,0.0,0
3587.2163,0.0,0.0,0
3588.1921,0.0,0.0,0
3589.168,0.0,0.0,0
3590.144,0.0,0.0,0
3591.1199,0.0,0.0,0
3592.0957,0.0,0.0,0
3593.0715,0.0,0.0,0
3594.0474,0.0,0.0,0
3595.0232,0.0,0.0,0
3595.999,0.0,0.0,0
3596.9749,0.0,0.0,0
3597.9507,0.0,0.0,0
3598.9265,0.0,0.0,0
3599.9023,0.0,0.0,0
3600.8782,0.0,0.0,0
3601.854,0.0,0.0,0
3602.83,0.0,0.0,0
3603.806,0.0,0.0,0
3604.7817,0.0,0.0,0
3605.7576,0.0,0.0,0
3606.7334,0.0,0.0,0
3607.7092,0.0,0.0,0
3608.685,0.0,0.0,0
3609.661,0.0,0.0,0
3610.6367,0.0,0.0,0
3611.6125,0.0,0.0,0
3612.5884,0.0,0.0,0
3613.5642,0.0,0.0,0
3614.54,0.0,0.0,0
3615.5159,0.0,0.0,0
3616.492,0.0,0.0,0
3617.4678,0.0,0.0,0
3618.4436,0.0,0.0,0
3619.4194,0.0,0.0,0
3620.3953,0.0,0.0,0
3621.371,0.0,0.0,0
3622.347,0.0,0.0,0
3623.3228,0.0,0.0,0
3624.2986,0.0,0.0,0
3625.2744,0.0,0.0,0
3626.2502,0.0,0.0,0
3627.226,0.0,0.0,0
3628.202,0.0,0.0,0
3629.1777,0.0,0.0,0
3630.1538,0.0,0.0,0
3631.1296,0.0,0.0,0
3632.1055,0.0,0.0,0
3633.0813,0.0,0.0,0
3634.0571,0.0,0.0,0
3635.033,0.0,0.0,0
3636.0088,0.0,0.0,0
3636.9846,0.0,0.0,0
3637.9604,0.0,0.0,0
3638.9363,0.0,0.0,0
3639.912,0.0,0.0,0
3640.888,0.0,0.0,0
3641.8638,0.0,0.0,0
3642.8396,0.0,0.0,0
3643.8157,0.0,0.0,0
3644.7915,0.0,0.0,0
3645.7673,0.0,0.0,0
3646.7432,0.0,0.0,0
3647.719,0.0,0.0,0
3648.6948,0.0,0.0,0
3649.6707,0.0,0.0,0
3650.6465,0.0,0.0,0
3651.6223,0.0,0.0,0
3652.5981,0.0,0.0,0
3653.574,0.0,0.0,0
3654.5498,0.0,0.0,0
3655.5256,0.0,0.0,0
3656.5015,0.0,0.0,0
3657.4775,0.0,0.0,0
3658.4534,0.0,0.0,0
3659.4292,0.0,0.0,0
3660.405,0.0,0.0,0
3661.3809,0.0,0.0,0
3662.3567,0.0,0.0,0
3663.3325,0.0,0.0,0
3664.3083,0.0,0.0,0
3665.2842,0.0,0.0,0
3666.26,0.0,0.0,0
3667.2358,0.0,0.0,0
3668.2117,0.0,0.0,0
3669.1875,0.0,0.0,0
3670.1636,0.0,0.0,0
3671.1394,0.0,0.0,0
3672.1152,0.0,0.0,0
3673.091,0.0,0.0,0
3674.067,0.0,0.0,0
3675.0427,0.0,0.0,0
3676.0186,0.0,0.0,0
3676.9944,0.0,0.0,0
3677.9702,0.0,0.0,0
3678.946,0.0,0.0,0
3679.9219,0.0,0.0,0
3680.8977,0.0,0.0,0
3681.8735,0.0,0.0,0
3682.8494,0.0,0.0,0
3683.8254,0.0,0.0,0
3684.8013,0.0,0.0,0
3685.777,0.0,0.0,0
3686.753,0.0,0.0,0
3687.7288,0.0,0.0,0
3688.7046,0.0,0.0,0
3689.6804,0.0,0.0,0
3690.6562,0.0,0.0,0
3691.632,0.0,0.0,0
3692.608,0.0,0.0,0
3693.5837,0.0,0.0,0
3694.5596,0.0,0.0,0
3695.5354,0.0,0.0,0
3696.5112,0.0,0.0,0
3697.4873,0.0,0.0,0
3698.4631,0.0,0.0,0
3699.439,0.0,0.0,0
3700.4148,0.0,0.0,0
3701.3906,0.0,0.0,0
3702.3665,0.0,0.0,0
3703.3423,0.0,0.0,0
3704.318,0.0,0.0,0
3705.294,0.0,0.0,0
3706.2698,0.0,0.0,0
3707.2456,0.0,0.0,0
3708.2214,0.0,0.0,0
3709.1973,0.0,0.0,0
3710.173,0.0,0.0,0
3711.1492,0.0,0.0,0
3712.125,0.0,0.0,0
3713.1008,0.0,0.0,0
3714.0767,0.0,0.0,0
3715.0525,0.0,0.0,0
3716.0283,0.0,0.0,0
3717.0042,0.0,0.0,0
3717.98,0.0,0.0,0
3718.9558,0.0,0.0,0
3719.9316,0.0,0.0,0
3720.9075,0.0,0.0,0
3721.8833,0.0,0.0,0
3722.8591,0.0,0.0,0
3723.835,0.0,0.0,0
3724.811,0.0,0.0,0
3725.7869,0.0,0.0,0
3726.7627,0.0,0.0,0
3727.7385,0.0,0.0,0
3728.7144,0.0,0.0,0
3729.6902,0.0,0.0,0
3730.666,0.0,0.0,0
3731.6418,0.0,0.0,0
3732.6177,0.0,0.0,0
3733.5935,0.0,0.0,0
3734.5693,0.0,0.0,0
3735.5452,0.0,0.0,0
3736.521,0.0,0.0,0
3737.497,0.0,0.0,0
3738.473,0.0,0.0,0
3739.4487,0.0,0.0,0
3740.4246,0.0,0.0,0
3741.4004,0.0,0.0,0
3742.3762,0.0,0.0,0
3743.352,0.0,0.0,0
3744.328,0.0,0.0,0
3745.3037,0.0,0.0,0
3746.2795,0.0,0.0,0
3747.2554,0.0,0.0,0
3748.2312,0.0,0.0,0
3749.207,0.0,0.0,0
3750.1829,0.0,0.0,0
3751.159,0.0,0.0,0
3752.1348,0.0,0.0,0
3753.1106,0.0,0.0,0
3754.0864,0.0,0.0,0
3755.0623,0.0,0.0,0
3756.038,0.0,0.0,0
3757.014,0.0,0.0,0
3757.9897,0.0,0.0,0
3758.9656,0.0,0.0,0
3759.9414,0.0,0.0,0
3760.9172,0.0,0.0,0
3761.893,0.0,0.0,0
3762.869,0.0,0.0,0
3763.8447,0.0,0.0,0
3764.8208,0.0,0.0,0
3765.7966,0.0,0.0,0
3766.7725,0.0,0.0,0
3767.7483,0.0,0.0,0
3768.724,0.0,0.0,0
3769.7,0.0,0.0,0
3770.6758,0.0,0.0,0
3771.6516,0.0,0.0,0
3772.6274,0.0,0.0,0
3773.6033,0.0,0.0,0
3774.579,0.0,0.0,0
3775.555,0.0,0.0,0
3776.5308,0.0,0.0,0
3777.5066,0.0,0.0,0
3778.4827,0.0,0.0,0
3779.4585,0.0,0.0,0
3780.4343,0.0,0.0,0
3781.4102,0.0,0.0,0
3782.386,0.0,0.0,0
3783.3618,0.0,0.0,0
3784.3376,0.0,0.0,0
3785.3135,0.0,0.0,0
3786.2893,0.0,0.0,0
3787.2651,0.0,0.0,0
3788.241,0.0,0.0,0
3789.2168,0.0,0.0,0
3790.1926,0.0,0.0,0
3791.1685,0.0,0.0,0
3792.1445,0.0,0.0,0
3793.1204,0.0,0.0,0
3794.0962,0.0,0.0,0
3795.072,0.0,0.0,0
3796.0479,0.0,0.0,0
3797.0237,0.0,0.0,0
3797.9995,0.0,0.0,0
3798.9753,0.0,0.0,0
3799.9512,0.0,0.0,0
3800.927,0.0,0.0,0
3801.9028,0.0,0.0,0
3802.8787,0.0,0.0,0
3803.8545,0.0,0.0,0
3804.8306,0.0,0.0,0
3805.8064,0.0,0.0,0
3806.7822,0.0,0.0,0
3807.758,0.0,0.0,0
3808.734,0.0,0.0,0
3809.7097,0.0,0.0,0
3810.6855,0.0,0.0,0
3811.6614,0.0,0.0,0
3812.6372,0.0,0.0,0
3813.613,0.0,0.0,0
3814.5889,0.0,0.0,0
3815.5647,0.0,0.0,0
3816.5405,0.0,0.0,0
3817.5164,0.0,0.0,0
3818.4924,0.0,0.0,0
3819.4683,0.0,0.0,0
3820.444,0.0,0.0,0
3821.42,0.0,0.0,0
3822.3958,0.0,0.0,0
3823.3716,0.0,0.0,0
3824.3474,0.0,0.0,0
3825.3232,0.0,0.0,0
3826.299,0.0,0.0,0
3827.275,0.0,0.0,0
3828.2507,0.0,0.0,0
3829.2266,0.0,0.0,0
3830.2024,0.0,0.0,0
3831.1782,0.0,0.0,0
3832.1543,0.0,0.0,0
3833.1301,0.0,0.0,0
3834.106,0.0,0.0,0
3835.0818,0.0,0.0,0
3836.0576,0.0,0.0,0
3837.0334,0.0,0.0,0
3838.0093,0.0,0.0,0
3838.985,0.0,0.0,0
3839.961,0.0,0.0,0
3840.9368,0.0,0.0,0
3841.9126,0.0,0.0,0
3842.8884,0.0,0.0,0
3843.8643,0.0,0.0,0
3844.84,0.0,0.0,0
3845.8162,0.0,0.0,0
3846.792,0.0,0.0,0
3847.7678,0.0,0.0,0
3848.7437,0.0,0.0,0
3849.7195,0.0,0.0,0
3850.6953,0.0,0.0,0
3851.6711,0.0,0.0,0
3852.647,0.0,0.0,0
3853.6228,0.0,0.0,0
3854.5986,0.0,0.0,0
3855.5745,0.0,0.0,0
3856.5503,0.0,0.0,0
3857.5261,0.0,0.0,0
3858.502,0.0,0.0,0
3859.478,0.0,0.0,0
3860.4539,0.0,0.0,0
3861.4297,0.0,0.0,0
3862.4055,0.0,0.0,0
3863.3813,0.0,0.0,0
3864.3572,0.0,0.0,0
3865.333,0.0,0.0,0
3866.3088,0.0,0.0,0
3867.2847,0.0,0.0,0
3868.2605,0.0,0.0,0
3869.2363,0.0,0.0,0
3870.2122,0.0,0.0,0
3871.188,0.0,0.0,0
3872.164,0.0,0.0,0
3873.14,0.0,0.0,0
3874.1157,0.0,0.0,0
3875.0916,0.0,0.0,0
3876.0674,0.0,0.0,0
3877.0432,0.0,0.0,0
3878.019,0.0,0.0,0
3878.9949,0.0,0.0,0
3879.9707,0.0,0.0,0
3880.9465,0.0,0.0,0
3881.9224,0.0,0.0,0
3882.8982,0.0,0.0,0
3883.874,0.0,0.0,0
3884.8499,0.0,0.0,0
3885.826,0.0,0.0,0
3886.8018,0.0,0.0,0
3887.7776,0.0,0.0,0
3888.7534,0.0,0.0,0
3889.7292,0.0,0.0,0
3890.705,0.0,0.0,0
3891.681,0.0,0.0,0
3892.6567,0.0,0.0,0
3893.6326,0.0,0.0,0
3894.6084,0.0,0.0,0
3895.5842,0.0,0.0,0
3896.56,0.0,0.0,0
3897.536,0.0,0.0,0
3898.5117,0.0,0.0,0
3899.4878,0.0,0.0,0
3900.4636,0.0,0.0,0
3901.4395,0.0,0.0,0
3902.4153,0.0,0.0,0
3903.391,0.0,0.0,0
3904.367,0.0,0.0,0
3905.3428,0.0,0.0,0
3906.3186,0.0,0.0,0
3907.2944,0.0,0.0,0
3908.2703,0.0,0.0,0
3909.246,0.0,0.0,0
3910.222,0.0,0.0,0
3911.1978,0.0,0.0,0
3912.1736,0.0,0.0,0
3913.1497,0.0,0.0,0
3914.1255,0.0,0.0,0
3915.1013,0.0,0.0,0
3916.0771,0.0,0.0,0
3917.053,0.0,0.0,0
3918.0288,0.0,0.0,0
3919.0046,0.0,0.0,0
3919.9805,0.0,0.0,0
3920.9563,0.0,0.0,0
3921.9321,0.0,0.0,0
3922.908,0.0,0.0,0
3923.8838,0.0,0.0,0
3924.8596,0.0,0.0,0
3925.8354,0.0,0.0,0
3926.8115,0.0,0.0,0
3927.7874,0.0,0.0,0
3928.7632,0.0,0.0,0
3929.739,0.0,0.0,0
3930.7148,0.0,0.0,0
3931.6907,0.0,0.0,0
3932.6665,0.0,0.0,0
3933.6423,0.0,0.0,0
3934.6182,0.0,0.0,0
3935.594,0.0,0.0,0
3936.5698,0.0,0.0,0
3937.5457,0.0,0.0,0
3938.5215,0.0,0.0,0
3939.4976,0.0,0.0,0
3940.4734,0.0,0.0,0
3941.4492,0.0,0.0,0
3942.425,0.0,0.0,0
3943.401,0.0,0.0,0
3944.3767,0.0,0.0,0
3945.3525,0.0,0.0,0
3946.3284,0.0,0.0,0
3947.3042,0.0,0.0,0
3948.28,0.0,0.0,0
3949.2559,0.0,0.0,0
3950.2317,0.0,0.0,0
3951.2075,0.0,0.0,0
3952.1833,0.0,0.0,0
3953.1594,0.0,0.0,0
3954.1353,0.0,0.0,0
3955.111,0.0,0.0,0
3956.087,0.0,0.0,0
3957.0627,0.0,0.0,0
3958.0386,0.0,0.0,0
3959.0144,0.0,0.0,0
3959.9902,0.0,0.0,0
3960.966,0.0,0.0,0
3961.942,0.0,0.0,0
3962.9177,0.0,0.0,0
3963.8936,0.0,0.0,0
3964.8694,0.0,0.0,0
3965.8452,0.0,0.0,0
3966.8213,0.0,0.0,0
3967.797,0.0,0.0,0
3968.773,0.0,0.0,0
3969.7488,0.0,0.0,0
3970.7246,0.0,0.0,0
3971.7004,0.0,0.0,0
3972.6763,0.0,0.0,0
3973.652,0.0,0.0,0
3974.628,0.0,0.0,0
3975.6038,0.0,0.0,0
3976.5796,0.0,0.0,0
3977.5554,0.0,0.0,0
3978.5312,0.0,0.0,0
3979.507,0.0,0.0,0
3980.4832,0.0,0.0,0
3981.459,0.0,0.0,0
3982.4348,0.0,0.0,0
3983.4106,0.0,0.0,0
3984.3865,0.0,0.0,0
3985.3623,0.0,0.0,0
3986.3381,0.0,0.0,0
3987.314,0.0,0.0,0
3988.2898,0.0,0.0,0
3989.2656,0.0,0.0,0
3990.2415,0.0,0.0,0
3991.2173,0.0,0.0,0
3992.193,0.0,0.0,0
3993.169,0.0,0.0,0
3994.145,0.0,0.0,0
3995.1208,0.0,0.0,0
3996.0967,0.0,0.0,0
3997.0725,0.0,0.0,0
3998.0483,0.0,0.0,0
3999.0242,0.0,0.0,0
4000.0,0.0,0.0,0
