raman_shift_cm-1,intensity_normalized,first_derivative_normalized,valid_mask
0.0,0.0,0.0,0
0.9758478,0.0,0.0,0
1.9516956,0.0,0.0,0
2.9275434,0.0,0.0,0
3.9033911,0.0,0.0,0
4.8792386,0.0,0.0,0
5.855087,0.0,0.0,0
6.8309345,0.0,0.0,0
7.8067822,0.0,0.0,0
8.78263,0.0,0.0,0
9.758477,0.0,0.0,0
10.734325,0.0,0.0,0
11.710174,0.0,0.0,0
12.686021,0.0,0.0,0
13.661869,0.0,0.0,0
14.637716,0.0,0.0,0
15.6135645,0.0,0.0,0
16.589413,0.0,0.0,0
17.56526,0.0,0.0,0
18.541107,0.0,0.0,0
19.516954,0.0,0.0,0
20.492804,0.0,0.0,0
21.46865,0.0,0.0,0
22.444498,0.0,0.0,0
23.420347,0.0,0.0,0
24.396194,0.0,0.0,0
25.372042,0.0,0.0,0
26.347889,0.0,0.0,0
27.323738,0.0,0.0,0
28.299585,0.0,0.0,0
29.275433,0.0,0.0,0
30.251282,0.0,0.0,0
31.227129,0.0,0.0,0
32.202976,0.0,0.0,0
33.178825,0.0,0.0,0
34.15467,0.0,0.0,0
35.13052,0.0,0.0,0
36.10637,0.0,0.0,0
37.082214,0.0,0.0,0
38.058064,0.0,0.0,0
39.03391,0.0,0.0,0
40.009758,0.0,0.0,0
40.985607,0.0,0.0,0
41.961452,0.0,0.0,0
42.9373,0.0,0.0,0
43.91315,0.0,0.0,0
44.888996,0.0,0.0,0
45.864845,0.0,0.0,0
46.840694,0.0,0.0,0
47.81654,0.0,0.0,0
48.79239,0.0,0.0,0
49.768234,0.0,0.0,0
50.744083,0.0,0.0,0
51.719933,0.0,0.0,0
52.695778,0.0,0.0,0
53.671627,0.0,0.0,0
54.647476,0.0,0.0,0
55.62332,0.0,0.0,0
56.59917,0.0,0.0,0
57.57502,0.0,0.0,0
58.550865,0.0,0.0,0
59.526714,0.0,0.0,0
60.502563,0.0,0.0,0
61.47841,0.0,0.0,0
62.454258,0.0,0.0,0
63.430103,0.0,0.0,0
64.40595,0.0,0.0,0
65.3818,0.0,0.0,0
66.35765,0.0,0.0,0
67.333496,0.0,0.0,0
68.30934,0.0,0.0,0
69.285194,0.0,0.0,0
70.26104,0.0,0.0,0
71.236885,0.0,0.0,0
72.21274,0.0,0.0,0
73.18858,0.0,0.0,0
74.16443,0.0,0.0,0
75.14028,0.0,0.0,0
76.11613,0.0,0.0,0
77.09197,0.0,0.0,0
78.06782,0.0,0.0,0
79.04367,0.0,0.0,0
80.019516,0.0,0.0,0
80.99536,0.0,0.0,0
81.971214,0.0,0.0,0
82.94706,0.0,0.0,0
83.922905,0.0,0.0,0
84.89876,0.0,0.0,0
85.8746,0.0,0.0,0
86.85045,0.0,0.0,0
87.8263,0.0,0.0,0
88.80215,0.0,0.0,0
89.77799,0.0,0.0,0
90.753845,0.63803655,1.0,1
91.72969,0.5755559,-0.23219794,1
92.705536,0.5043955,-0.1648465,1
93.68139,0.4806788,-0.086531185,1
94.657234,0.45459244,-0.11184364,1
95.63308,0.4163074,-0.11364938,1
96.60893,0.38918155,-0.06866003,1
97.58478,0.37679,-0.03259565,1
98.56062,0.37042117,-0.020546716,1
99.53647,0.36496437,-0.102051936,1
100.51232,0.31168476,-0.22021486,1
101.48817,0.23821978,-0.16112551,1
102.46401,0.21894927,-0.04130048,1
103.439865,0.21444939,-0.047919,1
104.41571,0.19136964,-0.07950127,1
105.391556,0.16869257,-0.04196083,1
106.36741,0.16721922,-0.021773687,1
107.343254,0.1561608,-0.10332582,1
108.3191,0.10775024,-0.17130174,1
109.29495,0.057567995,-0.17110255,1
110.2708,0.009272086,-0.09696212,1
111.24664,0.0017616246,-0.015948053,1
112.222496,9.32243e-05,-0.0030607437,1
113.19834,0.0,-0.00016197479,1
114.17419,0.0,0.0,1
115.15004,0.0,0.0,1
116.125885,0.0,0.0,1
117.10173,0.0,0.0,1
118.07758,0.0,0.0,1
119.05343,0.0,0.0,1
120.029274,0.0,0.0,1
121.00513,0.0,0.0,1
121.98097,0.0,0.0,1
122.95682,0.0,0.0,1
123.93266,0.0,0.0,1
124.908516,0.0,0.0,1
125.88436,0.0,0.0,1
126.86021,0.0,0.0,1
127.83606,0.0,0.0,1
128.8119,0.0,0.0,1
129.78775,0.0,0.0,1
130.7636,0.0,0.0,1
131.73946,0.0,0.0,1
132.7153,0.0,0.0,1
133.69115,0.0,0.0,1
134.66699,0.0,0.0,1
135.64284,0.0,0.0,1
136.61868,0.0,0.0,1
137.59453,0.0,0.0,1
138.57039,0.0,0.0,1
139.54623,0.0,0.0,1
140.52208,0.0,0.0,1
141.49792,0.0,0.0,1
142.47377,0.0,0.0,1
143.44962,0.0,0.0,1
144.42548,0.0,0.0,1
145.40132,0.0,0.0,1
146.37717,0.0,0.0,1
147.35301,0.0,0.0,1
148.32886,0.0,0.0,1
149.3047,0.0,0.0,1
150.28056,0.0,0.0,1
151.25641,0.0,0.0,1
152.23225,0.0,0.0,1
153.2081,0.0,0.0,1
154.18394,0.0,0.0,1
155.15979,0.0,0.0,1
156.13564,0.0,0.0,1
157.1115,0.0,0.0,1
158.08734,0.0,0.0,1
159.06319,0.0,0.0,1
160.03903,0.0,0.0,1
161.01488,0.0,0.0,1
161.99072,0.0,0.0,1
162.96658,0.0,0.0,1
163.94243,0.0,0.0,1
164.91827,0.0,0.0,1
165.89412,0.0,0.0,1
166.86996,0.0,0.0,1
167.84581,0.0,0.0,1
168.82167,0.0,0.0,1
169.79752,0.0,0.0,1
170.77336,0.0,0.0,1
171.7492,0.0,0.0,1
172.72505,0.0,0.0,1
173.7009,0.0,0.0,1
174.67676,0.0,0.0,1
175.6526,0.0,0.0,1
176.62845,0.0,0.0,1
177.6043,0.0,0.0,1
178.58014,0.0,0.0,1
179.55598,0.0,0.0,1
180.53183,0.0,0.0,1
181.50769,0.0,0.0,1
182.48354,0.0,0.0,1
183.45938,0.0,0.0,1
184.43523,0.0,0.0,1
185.41107,0.0,0.0,1
186.38692,0.0,0.0,1
187.36278,0.0,0.0,1
188.33862,0.0,0.0,1
189.31447,0.0,0.0,1
190.29031,0.0,0.0,1
191.26616,0.0,0.0,1
192.242,0.0,0.0,1
193.21786,0.0,0.0,1
194.19371,0.0,0.0,1
195.16956,0.0,0.0,1
196.1454,0.0,0.0,1
197.12125,0.0,0.0,1
198.09709,0.0,0.0,1
199.07294,0.0,0.0,1
200.0488,0.0,0.0,1
201.02464,0.0,0.0,1
202.00049,0.0,0.0,1
202.97633,0.0,0.0,1
203.95218,0.0,0.0,1
204.92802,0.0,0.0,1
205.90388,0.0,0.0,1
206.87973,0.0,0.0,1
207.85558,0.0,0.0,1
208.83142,0.0,0.0,1
209.80727,0.0,0.0,1
210.78311,0.0,0.0,1
211.75897,0.0,0.0,1
212.73482,0.0,0.0,1
213.71066,0.0,0.0,1
214.68651,0.0,0.0,1
215.66235,0.0,0.0,1
216.6382,0.0,0.0,1
217.61406,0.0,0.0,1
218.5899,0.0,0.0,1
219.56575,0.0,0.0,1
220.5416,0.0,0.0,1
221.51744,0.0,0.0,1
222.49329,0.0,0.0,1
223.46913,0.0,0.0,1
224.44499,0.0,0.0,1
225.42084,0.0,0.0,1
226.39668,0.0,0.0,1
227.37253,0.0,0.0,1
228.34837,0.0,0.0,1
229.32422,0.0,0.0,1
230.30008,0.0,0.0,1
231.27592,0.0,0.0,1
232.25177,0.0,0.0,1
233.22762,0.0,0.0,1
234.20346,0.0,0.0,1
235.1793,0.0,0.0,1
236.15517,0.0,0.0,1
237.13101,0.0,0.0,1
238.10686,0.0,0.0,1
239.0827,0.0,0.0,1
240.05855,0.0,0.0,1
241.0344,0.0,0.0,1
242.01025,0.0,0.0,1
242.9861,0.0,0.0,1
243.96194,0.0,0.0,1
244.93779,0.0,0.0,1
245.91364,0.0,0.0,1
246.88948,0.0,0.0,1
247.86533,0.0,0.0,1
248.84119,0.0,0.0,1
249.81703,0.0,0.0,1
250.79288,0.0,0.0,1
251.76872,0.0,0.0,1
252.74457,0.0,0.0,1
253.72041,0.0,0.0,1
254.69627,0.0,0.0,1
255.67212,0.0,0.0,1
256.64795,0.0,0.0,1
257.6238,0.0,0.0,1
258.59967,0.0,0.0,1
259.5755,0.0,0.0,1
260.55136,0.0,0.0,1
261.5272,0.0,0.0,1
262.50305,0.0,0.0,1
263.4789,0.0,0.0,1
264.45474,0.0,0.0,1
265.4306,0.0,0.0,1
266.40643,0.0,0.0,1
267.3823,0.0,0.0,1
268.35812,0.0,0.0,1
269.33398,0.0,0.0,1
270.30984,0.0,0.0,1
271.28568,0.0,0.0,1
272.26154,0.0,0.0,1
273.23737,0.0,0.0,1
274.21323,0.0,0.0,1
275.18906,0.0,0.0,1
276.16492,0.0,0.0,1
277.14078,0.0,0.0,1
278.1166,0.0,0.0,1
279.09247,0.0,0.0,1
280.0683,0.0,0.0,1
281.04416,0.0,0.0,1
282.02002,0.0,0.0,1
282.99585,0.0,0.0,1
283.9717,0.0,0.0,1
284.94754,0.0,0.0,1
285.9234,0.0,0.0,1
286.89923,0.0,0.0,1
287.8751,0.0,0.0,1
288.85095,0.0,0.0,1
289.82678,0.0,0.0,1
290.80264,0.0,0.0,1
291.77847,0.0,0.0,1
292.75433,0.0,0.0,1
293.73016,0.0,0.0,1
294.70602,0.0,0.0,1
295.6819,0.0,0.0,1
296.6577,0.0,0.0,1
297.63358,0.0,0.0,1
298.6094,0.0,0.0,1
299.58527,0.0,0.0,1
300.56113,0.0,0.0,1
301.53696,0.0,0.0,1
302.51282,0.0,0.0,1
303.48865,0.0,0.0,1
304.4645,0.0,0.0,1
305.44034,0.0,0.0,1
306.4162,0.0,0.0,1
307.39206,0.0,0.0,1
308.3679,0.0,0.0,1
309.34375,0.0,0.0,1
310.31958,0.0,0.0,1
311.29544,0.0,0.0,1
312.27127,0.0,0.0,1
313.24713,0.0,0.0,1
314.223,0.0,0.0,1
315.19882,0.0,0.0,1
316.17468,0.0,0.0,1
317.1505,0.0,0.0,1
318.12637,0.0,0.0,1
319.10223,0.0,0.0,1
320.07806,0.0,0.0,1
321.05392,0.0,0.0,1
322.02975,0.0,0.0,1
323.0056,0.0,0.0,1
323.98145,0.0,0.0,1
324.9573,0.0,0.0,1
325.93317,0.0,0.0,1
326.909,0.0,0.0,1
327.88486,0.0,0.0,1
328.8607,0.0,0.0,1
329.83655,0.0,0.0,1
330.8124,0.0,0.0,1
331.78824,0.0,0.0,1
332.7641,0.0,0.0,1
333.73993,0.0,0.0,1
334.7158,0.0,0.0,1
335.69162,0.0,0.0,1
336.66748,0.0,0.0,1
337.64334,0.0,0.0,1
338.61917,0.0,0.0,1
339.59503,0.0,0.0,1
340.57086,0.0,0.0,1
341.54672,0.0,0.0,1
342.52255,0.0,0.0,1
343.4984,0.0,0.0,1
344.47427,0.0,0.0,1
345.4501,0.0,0.0,1
346.42596,0.0,0.0,1
347.4018,0.0,0.0,1
348.37766,0.0,0.0,1
349.35352,0.0,0.0,1
350.32935,0.0,0.0,1
351.3052,0.0,0.0,1
352.28104,0.0,0.0,1
353.2569,0.0,0.0,1
354.23273,0.0,0.0,1
355.2086,0.0,0.0,1
356.18445,0.0,0.0,1
357.16028,0.0,0.0,1
358.13614,0.0,0.0,1
359.11197,0.0,0.0,1
360.08783,0.0,0.0,1
361.06366,0.0,0.0,1
362.03952,0.0,0.0,1
363.01538,0.0,0.0,1
363.9912,0.0,0.0,1
364.96707,0.0,0.0,1
365.9429,0.0,0.0,1
366.91876,0.0,0.0,1
367.89462,0.0,0.0,1
368.87045,0.0,0.0,1
369.8463,0.0,0.0,1
370.82214,0.0,0.0,1
371.798,0.0,0.0,1
372.77383,0.0,0.0,1
373.7497,0.0,0.0,1
374.72556,0.0,0.0,1
375.7014,0.0,0.0,1
376.67725,0.0,0.0,1
377.65308,0.0,0.0,1
378.62894,0.0,0.0,1
379.60477,0.0,0.0,1
380.58063,0.0,0.0,1
381.5565,0.0,0.0,1
382.53232,0.0,0.0,1
383.50818,0.0,0.0,1
384.484,0.0,0.0,1
385.45987,0.0,0.0,1
386.43573,0.0,0.0,1
387.41156,0.0,0.0,1
388.38742,0.0,0.0,1
389.36325,0.0,0.0,1
390.3391,0.0,0.0,1
391.31494,0.0,0.0,1
392.2908,0.0,0.0,1
393.26666,0.0,0.0,1
394.2425,0.0,0.0,1
395.21835,0.0,0.00038404585,1
396.19418,0.00022102999,0.0026477503,1
397.17004,0.0015239415,0.015133643,1
398.14587,0.00893098,0.051429447,1
399.12173,0.031124528,-0.008405565,1
400.0976,0.004093097,-0.052087516,1
401.07343,0.0011448992,-0.0070204167,1
402.0493,5.2566687e-05,-0.0018147172,1
403.02512,0.00010040643,0.0009971098,1
404.00098,0.00062646635,0.006575691,1
404.97684,0.0038850924,0.019986324,1
405.95267,0.012129404,-0.004835676,1
406.92853,0.0011013249,-0.019313278,1
407.90436,0.0010133415,0.004751841,1
408.88022,0.0038363289,0.018689895,1
409.85605,0.011770117,-0.0049724816,1
410.8319,0.0009738402,-0.019774925,1
411.80777,0.00038851704,-0.0012728405,1
412.7836,0.00024124546,0.00026804232,1
413.75946,0.0005428023,0.012037602,1
414.7353,0.0071692676,7.201514e-07,1
415.71115,0.0005428023,-0.0120370705,1
416.687,0.00024124546,-0.00094310177,1
417.66284,0.0,-0.00041917086,1
418.6387,0.0,0.0,1
419.61453,0.0,0.0,1
420.5904,0.0,0.0,1
421.56622,0.0,0.0,1
422.54208,0.0,0.0,1
423.51794,0.0,0.0,1
424.49377,0.0,0.0,1
425.46964,0.0,0.0,1
426.44547,0.0,0.0,1
427.42133,0.0,0.0,1
428.39716,0.0,0.0,1
429.37302,0.0,0.0,1
430.34888,0.0,0.0,1
431.3247,0.0,2.174261e-05,1
432.30057,1.251431e-05,4.892257e-05,1
433.2764,2.81572e-05,0.00062440004,1
434.25226,0.00037189684,-3.5634023e-06,1
435.22812,2.6106258e-05,-0.0006259836,1
436.20395,1.160278e-05,-4.5359102e-05,1
437.1798,0.0,0.00024238924,1
438.15564,0.0001511044,0.000590713,1
439.1315,0.00033998495,0.007539766,1
440.10733,0.0044904794,4.510692e-07,1
441.0832,0.00033998495,-0.0075394334,1
442.05905,0.0001511044,-0.00051857467,1
443.03488,4.1517782e-05,0.0012612275,1
444.01074,0.0008770311,0.0068460614,1
444.98657,0.0039816853,0.042948186,1
445.96243,0.025596358,0.04706215,1
446.93826,0.031068727,-0.03926003,1
447.91412,0.002999269,-0.050351992,1
448.88998,0.0020882776,0.0041689193,1
449.8658,0.005398551,0.06947745,1
450.84167,0.042076938,0.15980011,1
451.8175,0.09737063,0.091646455,1
452.79337,0.09482207,-0.03627768,1
453.76923,0.07649075,-0.06721585,1
454.74506,0.056136183,-0.055948928,1
455.72092,0.044289712,0.0029403416,1
456.69675,0.057827704,0.032476854,1
457.6726,0.06298144,-0.0038975885,1
458.64844,0.05558485,-0.002215918,1
459.6243,0.0617065,0.039256938,1
460.60016,0.078179464,0.07646619,1
461.576,0.10571613,0.09400797,1
462.55185,0.13228555,-0.020735232,1
463.52768,0.09378405,-0.11459199,1
464.50354,0.06633268,-0.012359136,1
465.47937,0.08666928,0.093220234,1
466.45523,0.11998582,0.13811438,1
467.4311,0.166162,0.112783425,1
468.40692,0.18489897,0.031584114,1
469.38278,0.18433957,0.009037672,1
470.3586,0.1901004,0.01901735,1
471.33447,0.19528493,-0.062031858,1
472.31033,0.15439752,-0.11805287,1
473.28616,0.1273394,0.001939923,1
474.26202,0.15551575,0.10189345,1
475.23785,0.18598393,0.10190906,1
476.2137,0.21416923,0.07306501,1
477.18954,0.22803682,0.06335769,1
478.1654,0.25063488,0.06673625,1
479.14127,0.26644734,0.05743676,1
480.1171,0.28369248,-0.0050734156,1
481.09296,0.26352614,-0.0566017,1
482.0688,0.25111526,0.013757049,1
483.04465,0.271445,0.022935018,1
484.0205,0.2643157,-0.09224588,1
484.99634,0.21835427,-0.033757687,1
485.9722,0.24488875,0.17718737,1
486.94803,0.32033262,0.14465556,1
487.9239,0.32814285,-0.01001035,1
488.89972,0.3145719,-0.03940108,1
489.87558,0.30546573,-0.031239778,1
490.85144,0.2965916,-0.028691396,1
491.82727,0.28895244,-0.0025845596,1
492.80313,0.2951045,0.051773254,1
493.77896,0.3187499,0.031902783,1
494.75482,0.31346515,-0.050931778,1
495.73065,0.28943682,-0.045579538,1
496.7065,0.2872326,0.0037201208,1
497.68237,0.29157794,0.01812269,1
498.6582,0.29766306,0.01474673,1
499.63406,0.30006528,-0.010670019,1
500.6099,0.29152232,-0.02408695,1
501.58575,0.28620216,-0.0077002184,1
502.5616,0.2870904,0.043162942,1
503.53745,0.3110438,0.10241453,1
504.5133,0.3460352,0.029350663,1
505.48914,0.3279382,-0.088971026,1
506.465,0.2948276,-0.13748908,1
507.44083,0.24880701,-0.13192287,1
508.4167,0.21890013,-0.028784903,1
509.39255,0.23223966,0.05391411,1
510.36838,0.24993017,0.06416385,1
511.34424,0.2691691,0.04477318,1
512.32007,0.2756997,0.00848692,1
513.2959,0.27405363,-0.037979975,1
514.2718,0.25383893,-0.06914712,1
515.2476,0.23425545,-0.01471626,1
516.22345,0.24536917,0.024231669,1
517.19934,0.24820167,-0.028308151,1
518.1752,0.22907756,-0.06892268,1
519.151,0.20853396,-0.07089344,1
520.12683,0.18827562,-0.053796224,1
521.1027,0.17757176,-0.025684508,1
522.07855,0.1734923,0.046844784,1
523.0544,0.20453276,0.09925803,1
524.0303,0.23062068,0.0013112286,1
525.0061,0.20529065,-0.07073709,1
525.98193,0.18990871,-0.014099264,1
526.9578,0.19717714,-0.012043652,1
527.93365,0.18297823,-0.07786331,1
528.9095,0.15236375,-0.017855514,1
529.8853,0.17270169,0.09726694,1
530.8612,0.20834741,-0.012117148,1
531.83704,0.16573244,-0.12642984,1
532.81287,0.13558209,0.01918948,1
533.78876,0.17678156,0.12019175,1
534.7646,0.20476013,0.051408228,1
535.7404,0.20636901,-0.010158554,1
536.71625,0.1989135,-0.03528301,1
537.69214,0.18606131,-0.042967845,1
538.66797,0.17418298,-0.03689674,1
539.6438,0.1648258,0.012895032,1
540.6197,0.18160646,0.040232956,1
541.5955,0.1879828,-0.03467213,1
542.57135,0.1616513,-0.12224345,1
543.5472,0.11762691,-0.17697288,1
544.5231,0.05979243,-0.03691029,1
545.4989,0.096377015,0.21196017,1
546.47473,0.18178381,0.19098382,1
547.4506,0.20629531,0.051335815,1
548.42645,0.21133171,-0.058864433,1
549.4023,0.17241652,-0.09993291,1
550.3781,0.15381642,0.014131653,1
551.354,0.18055294,0.06559751,1
552.32983,0.19157249,0.0084801745,1
553.30566,0.18543363,-0.03253855,1
554.28156,0.1728443,-0.045556698,1
555.2574,0.15921319,-0.010386647,1
556.2332,0.16686638,0.03756328,1
557.20905,0.18083233,0.07326499,1
558.18494,0.20903546,0.095718324,1
559.16077,0.23592377,0.08626315,1
560.1366,0.25868326,0.046363335,1
561.1125,0.26260737,-0.009822226,1
562.0883,0.25303087,-0.047328204,1
563.06415,0.23536813,-0.06278589,1
564.04004,0.21689397,-0.04122928,1
565.01587,0.21163747,0.008072397,1
565.9917,0.22153994,0.09575367,1
566.9675,0.26674744,0.15203795,1
567.9434,0.3090463,0.13349389,1
568.91925,0.34358126,0.041329205,1
569.8951,0.33283287,-0.07427781,1
570.871,0.3008288,-0.0822715,1
571.8468,0.28547987,-0.04597549,1
572.82263,0.27436814,-0.023987357,1
573.79846,0.27167422,-0.0066480823,1
574.77435,0.27054188,2.0060415e-05,1
575.7502,0.2716856,0.02094651,1
576.726,0.2825974,0.04851902,1
577.7019,0.29961148,0.020434186,1
578.67773,0.2943598,-0.027211424,1
579.65356,0.28395024,0.013905911,1
580.6294,0.3023632,0.02948022,1
581.6053,0.30091655,-0.104125485,1
582.5811,0.24243656,-0.15005396,1
583.55695,0.21455464,-0.031635277,1
584.53284,0.22423102,-0.010823605,1
585.50867,0.20832662,-0.07355894,1
586.4845,0.18189497,0.015466959,1
587.4603,0.21722847,0.12055097,1
588.4362,0.25127888,0.01799965,1
589.41205,0.2275919,-0.0795324,1
590.3879,0.20550486,-0.060224652,1
591.3638,0.19292977,-0.0065197865,1
592.3396,0.20175101,0.057759445,1
593.3154,0.2261726,0.056534674,1
594.2913,0.23428893,0.013080907,1
595.26715,0.23370193,-0.07281226,1
596.243,0.19238262,-0.14911051,1
597.2188,0.14788298,-0.15482448,1
598.1947,0.10327229,-0.1042346,1
599.17053,0.08788817,0.0044798646,1
600.14636,0.10585063,0.07465917,1
601.12225,0.13085924,0.08903324,1
602.0981,0.15709426,0.03604887,1
603.0739,0.15160677,-0.0067374194,1
604.04974,0.15321662,0.09641784,1
605.02563,0.20710403,0.12077282,1
606.00146,0.22273067,-0.059277467,1
606.9773,0.17298754,-0.17571956,1
607.9532,0.121593915,-0.17354608,1
608.929,0.073101655,-0.1158581,1
609.90485,0.05491304,-0.042186815,1
610.8807,0.04882149,0.035932817,1
611.85657,0.07559649,0.06220327,1
612.8324,0.084624134,-0.043309964,1
613.8082,0.050669912,-0.07298296,1
614.7841,0.042619888,0.017653305,1
615.75995,0.060828753,0.03589749,1
616.7358,0.0632803,-0.0013694202,1
617.7116,0.060040597,0.028328035,1
618.6875,0.07958613,0.045473393,1
619.6633,0.08621394,-0.06227538,1
620.63916,0.043744214,-0.124620974,1
621.61505,0.0144882705,-0.0635953,1
622.5909,0.0071401084,0.014137349,1
623.5667,0.022624869,0.0744801,1
624.54254,0.050006326,0.07587356,1
625.51843,0.06629375,0.035384115,1
626.49426,0.07037266,-0.07985759,1
627.4701,0.020332584,-0.10868496,1
628.446,0.007820609,0.039191276,1
629.4218,0.042886425,0.11247733,1
630.39764,0.07255572,0.08257983,1
631.37354,0.090415105,0.035228465,1
632.34937,0.09283268,0.0046838545,1
633.3252,0.09311085,0.044740688,1
634.301,0.118582696,0.08494141,1
635.2769,0.14199938,0.06934909,1
636.25275,0.15849748,0.08437532,1
637.2286,0.19056068,0.13343798,1
638.20447,0.23529947,0.046632357,1
639.1803,0.21740417,-0.108311415,1
640.1561,0.17296201,-0.16117637,1
641.13196,0.124640845,-0.15169512,1
642.10785,0.08565339,-0.07769599,1
643.0837,0.07992028,-0.024005685,1
644.0595,0.07183718,-0.035910834,1
645.0354,0.059251264,-0.011686304,1
646.0112,0.065109886,0.035153832,1
646.98706,0.07948367,-0.002483866,1
647.9629,0.06368032,-0.06899201,1
648.9388,0.03977432,-0.10308633,1
649.9146,0.0043489607,-0.066158704,1
650.89044,0.0016973913,-0.0033894551,1
651.86633,0.0023983454,0.033202212,1
652.84216,0.020806054,0.062150415,1
653.818,0.038168345,0.039352663,1
654.7938,0.04345505,0.010050306,1
655.7697,0.043952577,-0.018957762,1
656.74554,0.032544512,-0.010422365,1
657.7214,0.037954096,0.07428995,1
658.69727,0.07530463,0.051530622,1
659.6731,0.067615725,-0.090450026,1
660.6489,0.023247091,-0.111793995,1
661.6248,0.003273419,-0.038410775,1
662.60065,0.0011383764,-0.0016352737,1
663.5765,0.002332255,0.034983806,1
664.5523,0.021272928,0.060689244,1
665.5282,0.037262205,0.061056808,1
666.504,0.056414407,0.06738352,1
667.47986,0.07604406,-0.0030985258,1
668.45575,0.054628465,-0.10046663,1
669.4316,0.018220706,-0.09037517,1
670.4074,0.0026140132,-0.030921994,1
671.38324,0.00042388594,-0.0036741223,1
672.35913,0.0004994875,0.0012407908,1
673.33496,0.0011379968,0.024841499,1
674.3108,0.014796743,0.0010673929,1
675.2867,0.0017506722,-0.02476158,1
676.2625,0.0005442968,-0.0030047267,1
677.23834,2.1334403e-05,-0.0009457164,1
678.2142,0.0,-3.7069713e-05,1
679.19006,0.0,0.0,1
680.1659,0.0,0.0,1
681.1417,0.0,0.0,1
682.1176,0.0,0.0,1
683.09344,0.0,0.0,1
684.0693,0.0,0.0,1
685.0451,0.0,0.0,1
686.021,0.0,0.0,1
686.9968,0.0,0.0,1
687.97266,0.0,0.0,1
688.94855,0.0,0.0,1
689.9244,0.0,0.0,1
690.9002,0.0,0.0,1
691.87604,0.0,0.0,1
692.8519,0.0,0.0,1
693.82776,0.0,0.0,1
694.8036,0.0,0.0,1
695.7795,0.0,0.0,1
696.7553,0.0,0.0,1
697.73114,0.0,0.0,1
698.70703,0.0,0.0,1
699.68286,0.0,0.0,1
700.6587,0.0,0.0,1
701.6345,0.0,0.0,1
702.6104,0.0,0.0,1
703.58624,0.0,0.0,1
704.5621,0.0,0.0,1
705.53796,0.0,0.0,1
706.5138,0.0,0.0,1
707.4896,0.0,0.0,1
708.46545,0.0,0.0,1
709.44135,0.0,0.0,1
710.4172,0.0,0.0,1
711.393,0.0,0.0,1
712.3689,0.0,0.0,1
713.3447,0.0,0.0,1
714.32056,0.0,0.0,1
715.2964,0.0,0.0,1
716.2723,0.0,0.0,1
717.2481,0.0,0.0,1
718.22394,0.0,0.0,1
719.1998,0.0,0.0,1
720.17566,0.0,0.0,1
721.1515,0.0,0.0,1
722.1273,0.0,0.0,1
723.1032,0.0,0.0,1
724.07904,0.0,0.0,1
725.0549,0.0,0.0,1
726.03076,0.0,0.0,1
727.0066,0.0,0.0,1
727.9824,0.0,0.0,1
728.9583,0.0,0.0,1
729.93414,0.0,0.0,1
730.91,0.0,0.0,1
731.8858,0.0,0.0,1
732.8617,0.0,0.0,1
733.8375,0.0,0.0,1
734.81335,0.0,0.0,1
735.78925,0.0,0.0,1
736.7651,0.0,0.0,1
737.7409,0.0,0.0,1
738.71674,0.0,0.0,1
739.6926,0.0,0.0,1
740.66846,0.0,0.0,1
741.6443,0.0,0.0,1
742.6202,0.0,0.0,1
743.596,0.0,0.0,1
744.57184,0.0,0.0,1
745.54767,0.0,0.0,1
746.52356,0.0,0.0,1
747.4994,0.0,0.0,1
748.4752,0.0,0.0003400292,1
749.4511,0.00019571849,0.000765119,1
750.42694,0.00044036662,0.009765781,1
751.4028,0.0058163083,0.0,1
752.3786,0.00044036662,-0.009766035,1
753.3545,0.00019571849,-0.00076510827,1
754.3303,0.0,-0.0003400611,1
755.30615,0.0,0.0,1
756.28204,0.0,0.0,1
757.2579,0.0,0.0,1
758.2337,0.0,0.0,1
759.20953,0.0,0.0,1
760.1854,0.0,0.0,1
761.16125,0.0,9.953522e-05,1
762.1371,5.7286416e-05,0.0008740588,1
763.113,0.00050309516,0.004321356,1
764.0888,0.0025443737,0.018671528,1
765.06464,0.01124929,-0.0028562655,1
766.0405,0.00089923805,-0.018893821,1
767.01636,0.00037420072,-0.0015624273,1
767.9922,0.0,-0.0006501742,1
768.968,0.0,0.00074309565,1
769.9439,0.0004277208,0.0030663025,1
770.91974,0.0017647755,0.025657065,1
771.89557,0.015194367,0.042687323,1
772.87146,0.02633363,0.012489534,1
773.8473,0.02238375,-0.041709717,1
774.8231,0.0023280547,-0.03771365,1
775.79895,0.0006780673,-0.0040449775,1
776.77484,0.0,-0.0011780321,1
777.7507,0.0,0.0,1
778.7265,0.0,0.0,1
779.7024,0.0,0.0,1
780.6782,0.0,0.0,1
781.65405,0.0,0.0,1
782.6299,0.0,0.0,1
783.6058,0.0,0.0,1
784.5816,0.0,0.0,1
785.55743,0.0,0.0,1
786.5333,0.0,0.0,1
787.50916,0.0,0.0,1
788.485,0.0,0.0,1
789.4608,0.0,0.0,1
790.4367,0.0,0.0,1
791.41254,0.0,0.0,1
792.38837,0.0,0.0,1
793.36426,0.0,0.0,1
794.3401,0.0,0.0,1
795.3159,0.0,0.0,1
796.29175,0.0,0.0,1
797.26764,0.0,0.0,1
798.24347,0.0,0.0,1
799.2193,0.0,0.0004116599,1
800.1952,0.00023694863,0.0024359194,1
801.171,0.0014019528,0.01807929,1
802.14685,0.010642288,0.050845947,1
803.12274,0.030667378,0.07272968,1
804.0986,0.05250226,-0.011843367,1
805.0744,0.023851058,-0.07797711,1
806.05023,0.007623375,0.022802291,1
807.0261,0.03697793,0.080979645,1
808.00195,0.05423255,0.035002097,1
808.9778,0.05712301,0.0065995166,1
809.9537,0.058030825,0.007618284,1
810.9295,0.0615076,0.07135943,1
811.90533,0.09910097,0.0990075,1
812.88116,0.11849029,-0.0021861559,1
813.85706,0.09784021,-0.06376632,1
814.8329,0.08178883,-0.044071876,1
815.8087,0.07247512,0.025555164,1
816.7846,0.096499376,0.08358863,1
817.76044,0.12058514,0.008410013,1
818.73627,0.10133967,-0.03583557,1
819.7121,0.099960364,0.04583613,1
820.688,0.12772281,0.047462717,1
821.6638,0.12727962,-0.029052977,1
822.63965,0.11100169,-0.02232632,1
823.61554,0.11443079,0.013176863,1
824.5914,0.118585676,0.003160463,1
825.5672,0.11624976,-0.005920425,1
826.543,0.115178235,-0.0044114473,1
827.5189,0.1137107,-0.07988371,1
828.49475,0.06920327,-0.17068386,1
829.4706,0.015475457,0.005359706,1
830.4465,0.07229501,0.15965544,1
831.4223,0.10736765,0.006016432,1
832.39813,0.0757577,-0.092776515,1
833.374,0.05397008,-0.0536826,1
834.34985,0.04485949,0.023542326,1
835.3257,0.06751961,0.08290994,1
836.3015,0.092577405,0.018789712,1
837.2774,0.07833172,-0.03784804,1
838.25323,0.07079326,-0.0022378985,1
839.22906,0.07704372,0.0074038473,1
840.20496,0.07505409,-0.018317927,1
841.1808,0.06650111,-0.09216589,1
842.1566,0.022009013,-0.109648556,1
843.13245,0.003394071,-0.03465957,1
844.10834,0.0020615307,0.0038573274,1
845.08417,0.0056138774,0.00064959493,1
846.06,0.002435398,0.013066259,1
847.0359,0.013135126,0.06526641,1
848.0117,0.039998937,0.010755986,1
848.98755,0.019325618,-0.06515214,1
849.9634,0.0025013306,-0.032636195,1
850.9393,0.0005425516,-0.0042222077,1
851.9151,7.111555e-05,0.0017083894,1
852.8909,0.0015257966,0.008918029,1
853.8668,0.0052040904,0.068219215,1
854.84265,0.040787857,-0.0026663977,1
855.8185,0.0036694738,-0.06842679,1
856.7943,0.0014055611,-0.006344897,1
857.7702,1.7677612e-05,-0.0024419385,1
858.74603,0.0,-3.0714873e-05,1
859.72186,0.0,0.0,1
860.69775,0.0,0.0,1
861.6736,0.0,0.0,1
862.6494,0.0,0.0,1
863.62524,0.0,0.0,1
864.60114,0.0,0.0,1
865.57697,0.0,0.0,1
866.5528,0.0,0.0,1
867.5287,0.0,0.0,1
868.5045,0.0,0.0,1
869.48035,0.0,0.0,1
870.45624,0.0,0.0,1
871.43207,0.0,0.0,1
872.4079,0.0,0.0,1
873.3837,0.0,0.0,1
874.3596,0.0,0.0,1
875.33545,0.0,0.0,1
876.3113,0.0,0.0,1
877.2872,0.0,0.0,1
878.263,0.0,0.0,1
879.23883,0.0,0.0,1
880.21466,0.0,0.0,1
881.19055,0.0,0.0,1
882.1664,0.0,0.0,1
883.1422,0.0,0.0,1
884.1181,0.0,0.0,1
885.09393,0.0,0.0,1
886.06976,0.0,0.0,1
887.0456,0.0,0.0,1
888.0215,0.0,0.0,1
888.9973,0.0,0.0,1
889.97314,0.0,0.0,1
890.94904,0.0,0.0,1
891.92487,0.0,0.0,1
892.9007,0.0,0.0,1
893.8765,0.0,0.0,1
894.8524,0.0,0.0,1
895.82825,0.0,0.0,1
896.8041,0.0,0.0,1
897.77997,0.0,0.0,1
898.7558,0.0,0.0,1
899.7316,0.0,0.0,1
900.7075,0.0,0.0,1
901.68335,0.0,0.0,1
902.6592,0.0,0.0,1
903.635,0.0,0.0,1
904.6109,0.0,0.0,1
905.58673,0.0,0.0,1
906.56256,0.0,0.0,1
907.53845,0.0,0.0,1
908.5143,0.0,0.0,1
909.4901,0.0,0.0,1
910.46594,0.0,0.0,1
911.44183,0.0,0.0,1
912.41766,0.0,0.0,1
913.3935,0.0,0.0,1
914.3694,0.0,0.0,1
915.3452,0.0,0.0,1
916.32104,0.0,0.0,1
917.2969,0.0,0.0,1
918.27277,0.0,0.0,1
919.2486,0.0,0.0,1
920.2244,0.0,0.0,1
921.2003,0.0,0.0,1
922.17615,0.0,0.0,1
923.152,0.0,0.0,1
924.1278,0.0,0.0,1
925.1037,0.0,0.0010020535,1
926.0795,0.000576703,0.0037525573,1
927.05536,0.0021597438,0.033721548,1
928.03125,0.019986399,0.050040793,1
929.0071,0.030961508,0.02919165,1
929.9829,0.03678734,0.06884362,1
930.95874,0.07058371,0.10043603,1
931.93463,0.09459341,0.007951226,1
932.91046,0.0751628,-0.035545707,1
933.8863,0.07413547,0.030783454,1
934.8622,0.09288169,0.03291433,1
935.838,0.0930807,-0.0028876513,1
936.81384,0.09121973,0.04051263,1
937.78973,0.11639974,0.06401097,1
938.76556,0.12806255,0.0023897034,1
939.7414,0.117775105,0.0059763617,1
940.7172,0.13150218,0.068046495,1
941.6931,0.1569405,0.03654672,1
942.66895,0.15253876,-0.014318083,1
943.6448,0.14869988,-0.00023769318,1
944.62067,0.15240245,-0.007986648,1
945.5965,0.14410385,-0.043956716,1
946.5723,0.12710363,-0.0068117743,1
947.54816,0.1401834,0.048502825,1
948.52405,0.1550199,0.010738689,1
949.4999,0.1463656,-0.0074345064,1
950.4757,0.15074104,0.04322863,1
951.4516,0.17124717,0.024649628,1
952.4274,0.16492997,-0.033816706,1
953.40326,0.15178433,0.04336011,1
954.3791,0.18988541,0.10211404,1
955.355,0.21055572,0.008676383,1
956.3308,0.19488141,-0.0223708,1
957.30664,0.19768044,0.030043226,1
958.28253,0.21217375,0.018685266,1
959.25836,0.20843601,-0.014121421,1
960.2342,0.20404632,-0.006518094,1
961.21,0.2046846,-0.0028737683,1
962.1859,0.20239213,-0.012004036,1
963.16174,0.19777572,0.007243023,1
964.1376,0.20656078,0.028159214,1
965.11346,0.2139829,-0.020668216,1
966.0893,0.1946667,-0.040476665,1
967.0651,0.190687,0.023194818,1
968.041,0.20801799,0.021531219,1
969.01685,0.20308082,-0.02908073,1
969.9927,0.19128089,0.0430709,1
970.9685,0.22786981,0.112210944,1
971.9444,0.25586417,0.060804207,1
972.9202,0.2628674,0.02720824,1
973.89606,0.2715236,0.03373303,1
974.87195,0.28228283,0.058620527,1
975.8478,0.30526227,0.060657088,1
976.8236,0.31719336,-0.023834249,1
977.79944,0.2915447,-0.038790174,1
978.7753,0.2948692,0.061264306,1
979.75116,0.326804,0.114833705,1
980.727,0.3609605,0.1051374,1
981.7029,0.3873161,0.015576686,1
982.6787,0.3699285,-0.03844369,1
983.65454,0.36519027,0.014643295,1
984.6304,0.3783563,-0.011703054,1
985.60626,0.35845247,-0.08830433,1
986.5821,0.32753277,-0.034361772,1
987.5579,0.33867592,0.020536257,1
988.5338,0.33935192,-0.036528654,1
989.50964,0.31765297,-0.031554125,1
990.4855,0.32119128,0.03859821,1
991.4613,0.33986774,0.022779334,1
992.4372,0.33430058,-0.0048965607,1
993.413,0.33704895,0.05946342,1
994.38885,0.3685241,0.06469347,1
995.36475,0.37428218,-0.019590082,1
996.3406,0.35725027,-0.056038845,1
997.3164,0.34202963,-0.049289804,1
998.29224,0.32888204,-0.032292824,1
999.2681,0.32344374,-0.022701822,1
1000.24396,0.31581596,-0.031252358,1
1001.2198,0.3054568,-0.02900822,1
1002.1957,0.29912034,-0.02467234,1
1003.1715,0.29125652,-0.06534289,1
1004.14734,0.26151296,-0.052723825,1
1005.1232,0.2609128,0.07546653,1
1006.09906,0.30494544,0.09592163,1
1007.0749,0.31611946,0.011562177,1
1008.0507,0.31159994,0.029260112,1
1009.0266,0.33296198,0.0710505,1
1010.00244,0.35249367,0.057747975,1
1010.9783,0.36619818,0.04536519,1
1011.95416,0.37860388,0.04019021,1
1012.93,0.38933,0.0027581302,1
1013.9058,0.3801913,-0.028346682,1
1014.88165,0.37301537,-0.0035839423,1
1015.85754,0.37812936,-0.029842976,1
1016.8334,0.35584068,-0.116681784,1
1017.8092,0.31097442,-0.087616116,1
1018.7851,0.3054151,0.004416222,1
1019.7609,0.31351534,0.060826566,1
1020.73676,0.34042317,0.08295993,1
1021.7126,0.36126202,0.059726883,1
1022.6885,0.37479898,0.06718845,1
1023.6643,0.39993206,0.09126155,1
1024.6401,0.42732358,0.076940686,1
1025.616,0.44421443,0.06129013,1
1026.5918,0.46259844,0.0658678,1
1027.5677,0.48212647,-0.00065648597,1
1028.5436,0.4622255,-0.09145493,1
1029.5194,0.42949057,0.019101305,1
1030.4952,0.47321907,0.11143768,1
1031.4711,0.4936273,-0.010724137,1
1032.4469,0.4670469,-0.023919696,1
1033.4227,0.4798606,0.08519709,1
1034.3987,0.5160872,0.09974044,1
1035.3745,0.53727055,0.067455955,1
1036.3503,0.5549107,0.051972546,1
1037.3262,0.5671828,0.054704703,1
1038.302,0.58639544,0.07283518,1
1039.2778,0.6091023,0.023245728,1
1040.2537,0.59977424,-0.047671735,1
1041.2296,0.5816626,-0.08125489,1
1042.2054,0.55300725,-0.022502532,1
1043.1813,0.5687115,0.11980151,1
1044.1571,0.6219577,0.10528454,1
1045.1329,0.6293069,0.008203649,1
1046.1088,0.62667924,-0.002096187,1
1047.0846,0.62810045,0.030157728,1
1048.0605,0.64403915,0.08252582,1
1049.0364,0.6755983,0.096721925,1
1050.0122,0.6997064,0.07694135,1
1050.988,0.7198811,0.056462742,1
1051.9639,0.73220295,0.032224506,1
1052.9397,0.7384276,0.011421198,1
1053.9156,0.73877597,0.06648527,1
1054.8915,0.77669007,0.15159601,1
1055.8673,0.8260254,0.11363412,1
1056.8431,0.84209096,0.052440755,1
1057.819,0.85620713,0.047096804,1
1058.7948,0.869197,0.02304189,1
1059.7706,0.8694686,-0.0073310966,1
1060.7466,0.8649769,0.033940203,1
1061.7224,0.8890001,0.07738177,1
1062.6982,0.9095131,0.055093277,1
1063.6741,0.9207084,0.03855935,1
1064.6499,0.93170553,0.03912135,1
1065.6257,0.9432243,0.07437584,1
1066.6016,0.97451174,0.0631507,1
1067.5775,0.97956914,-0.08730323,1
1068.5533,0.9242697,-0.09981952,1
1069.5292,0.922119,0.055456184,1
1070.505,0.95618683,0.04475413,1
1071.4808,0.9478768,-0.025515838,1
1072.4567,0.9415015,0.01231184,1
1073.4325,0.95496273,0.043122314,1
1074.4084,0.9663214,0.035468027,1
1075.3843,0.97537744,0.040429063,1
1076.3601,0.9895899,0.038682748,1
1077.3359,0.9976409,-0.010131268,1
1078.3118,0.9837589,-0.021615325,1
1079.2876,0.98520035,0.028218789,1
1080.2634,1.0,0.0063388892,1
1081.2394,0.98884577,-0.03939017,1
1082.2152,0.97732794,-0.004257659,1
1083.191,0.98639536,0.0113585405,1
1084.1669,0.98386514,-0.029147329,1
1085.1427,0.96961987,-0.008552913,1
1086.1185,0.97894263,0.03754865,1
1087.0944,0.99123067,0.011445655,1
1088.0703,0.98552823,-0.06014123,1
1089.0461,0.9566177,-0.14254689,1
1090.022,0.9034869,-0.099084005,1
1090.9978,0.899591,0.010270933,1
1091.9736,0.9093982,0.0049808444,1
1092.9495,0.9024577,-0.026355445,1
1093.9253,0.89422965,-0.030380463,1
1094.9012,0.88497144,-0.030039083,1
1095.8771,0.8769397,-0.01925335,1
1096.8529,0.8738904,0.042908877,1
1097.8287,0.90163547,0.09808846,1
1098.8046,0.9303441,0.09457915,1
1099.7804,0.95606947,0.0027240731,1
1100.7562,0.93191195,-0.110968456,1
1101.7322,0.8921969,-0.05760563,1
1102.708,0.8987497,0.023211064,1
1103.6838,0.9055558,0.019612316,1
1104.6597,0.9100374,0.030290216,1
1105.6355,0.922989,0.047002513,1
1106.6113,0.93708915,-0.0017233767,1
1107.5872,0.92199713,-0.029537117,1
1108.5631,0.9200901,0.033272497,1
1109.539,0.941145,0.0138781695,1
1110.5148,0.9280775,-0.07023247,1
1111.4906,0.90072346,-0.015016307,1
1112.4664,0.9194351,0.027995547,1
1113.4423,0.916836,-0.07798358,1
1114.4181,0.8745524,-0.13965708,1
1115.394,0.8364535,-0.12904344,1
1116.3699,0.8002779,-0.15283227,1
1117.3457,0.74849254,-0.16840987,1
1118.3215,0.70335144,-0.1346827,1
1119.2974,0.6709774,-0.13086486,1
1120.2732,0.6280336,-0.15662637,1
1121.2491,0.58082664,-0.092885286,1
1122.225,0.57456595,-0.060426723,1
1123.2008,0.5460487,-0.17435837,1
1124.1766,0.4742159,-0.15107514,1
1125.1525,0.45909902,-0.0016495017,1
1126.1283,0.47326654,-0.09233319,1
1127.1041,0.40595764,-0.18519983,1
1128.0801,0.36667365,-0.02832753,1
1129.0559,0.38964522,0.012311032,1
1130.0317,0.37375912,-0.09104356,1
1131.0076,0.3372461,0.00996179,1
1131.9834,0.37949252,0.104499206,1
1132.9592,0.39738947,-0.037187565,1
1133.935,0.35808963,-0.072778225,1
1134.911,0.35550475,0.024357134,1
1135.8868,0.37210655,-0.06480105,1
1136.8627,0.31820923,-0.18509099,1
1137.8385,0.26557943,-0.15868542,1
1138.8143,0.22687955,-0.050592244,1
1139.7902,0.23646161,0.08172639,1
1140.766,0.27391627,0.1261161,1
1141.742,0.30905062,0.08080199,1
1142.7178,0.32042682,-0.042083267,1
1143.6936,0.28483006,-0.12355599,1
1144.6694,0.24931549,-0.11635294,1
1145.6453,0.2178644,4.4820124e-05,1
1146.6211,0.24934128,0.08368048,1
1147.5969,0.26602578,-0.00727521,1
1148.5729,0.24514918,-0.05264012,1
1149.5487,0.23572601,-0.019114519,1
1150.5245,0.23414803,0.019766053,1
1151.5004,0.24710216,0.023731599,1
1152.4762,0.24780649,-0.041246817,1
1153.452,0.223363,-0.07070182,1
1154.4279,0.20711482,-0.045311324,1
1155.4038,0.19728374,0.020623622,1
1156.3796,0.21898131,0.05067822,1
1157.3555,0.22645104,-0.02490867,1
1158.3313,0.2046454,-0.058081195,1
1159.3071,0.19302304,-0.0304721,1
1160.283,0.1871075,-0.016787814,1
1161.2588,0.183361,-0.03957162,1
1162.2347,0.16432917,-0.1071871,1
1163.2106,0.12166971,-0.020025019,1
1164.1864,0.15280399,0.1629439,1
1165.1622,0.2154503,0.050584536,1
1166.1381,0.18191737,-0.06841261,1
1167.1139,0.17607617,0.06792068,1
1168.0897,0.22100839,0.08620658,1
1169.0657,0.22568952,-0.020758286,1
1170.0415,0.20906308,-0.09176018,1
1171.0173,0.17287794,-0.078897335,1
1171.9932,0.16365458,0.0408782,1
1172.969,0.19640493,0.06656829,1
1173.9448,0.20196724,0.0019928785,1
1174.9207,0.19755192,0.019145722,1
1175.8966,0.21298954,0.04681555,1
1176.8724,0.22449827,0.03060843,1
1177.8483,0.2306059,0.07051436,1
1178.8241,0.26508203,0.12926146,1
1179.7999,0.30500093,0.073888674,1
1180.7758,0.30760786,-0.0038186542,1
1181.7516,0.30280316,-0.02678308,1
1182.7275,0.29219148,0.01658486,1
1183.7034,0.31234512,0.082337044,1
1184.6792,0.33957967,0.060881037,1
1185.655,0.34738454,-0.014683719,1
1186.6309,0.3311286,-0.10342084,1
1187.6067,0.2878618,-0.114410415,1
1188.5826,0.2652794,-0.07478629,1
1189.5585,0.24481641,-0.10652339,1
1190.5343,0.20397104,-0.08255695,1
1191.5101,0.19730164,0.037280034,1
1192.486,0.22542717,-0.024815897,1
1193.4618,0.18301912,-0.1687395,1
1194.4376,0.12831098,-0.14921473,1
1195.4136,0.097137794,-0.04235426,1
1196.3894,0.10392816,0.08065653,1
1197.3652,0.14355879,0.07185842,1
1198.3411,0.1452855,-0.015028157,1
1199.3169,0.1349095,-0.057621054,1
1200.2927,0.11212232,-0.06058319,1
1201.2686,0.100041494,-0.02600819,1
1202.2445,0.09715381,-0.016494917,1
1203.2203,0.09054789,-0.033354077,1
1204.1962,0.077957235,-0.06851506,1
1205.172,0.05111479,-0.04202612,1
1206.1478,0.05376956,0.046026792,1
1207.1237,0.07760501,0.07526795,1
1208.0995,0.09708921,0.04875501,1
1209.0754,0.10566582,-0.0113456175,1
1210.0513,0.09056191,-0.046037607,1
1211.0271,0.07916938,-0.032838054,1
1212.0029,0.07166233,0.016678467,1
1212.9788,0.08876848,0.04140466,1
1213.9546,0.09549233,-0.013096811,1
1214.9304,0.08123076,0.01994268,1
1215.9064,0.10697585,0.11802635,1
1216.8822,0.14916174,0.04322814,1
1217.858,0.13185534,-0.04693271,1
1218.8339,0.12215012,-0.0064577865,1
1219.8097,0.12813863,-0.0059842193,1
1220.7855,0.11870597,-0.037161883,1
1221.7614,0.10675051,0.017241562,1
1222.7373,0.12863402,0.05971445,1
1223.7131,0.14112183,0.016695546,1
1224.689,0.13824296,-0.04954406,1
1225.6648,0.11260729,-0.094521575,1
1226.6406,0.08384209,-0.056207605,1
1227.6165,0.08025762,-0.016044745,1
1228.5923,0.07460771,-0.02538614,1
1229.5682,0.065645576,-0.022244524,1
1230.5441,0.061803665,-0.016868757,1
1231.5199,0.055936944,-0.04115633,1
1232.4957,0.03811659,-0.026057178,1
1233.4716,0.040940017,0.038781364,1
1234.4474,0.06043678,-0.011945971,1
1235.4232,0.034064643,-0.09429168,1
1236.3992,0.0061646462,-0.0568445,1
1237.375,0.0013434762,-0.009251382,1
1238.3508,0.0008401132,0.010871051,1
1239.3267,0.007600192,0.018412484,1
1240.3025,0.011437219,0.023492793,1
1241.2783,0.021121215,0.05513782,1
1242.2542,0.043171193,0.018163983,1
1243.2301,0.031571742,-0.06534185,1
1244.2059,0.0055638487,-0.019954659,1
1245.1818,0.020087054,0.0441184,1
1246.1576,0.030955717,0.014083713,1
1247.1334,0.02819278,-0.007886712,1
1248.1093,0.026416603,-0.0053764377,1
1249.0851,0.025098432,-0.0013131108,1
1250.061,0.025661046,-0.019522015,1
1251.0369,0.01386359,-0.038715854,1
1252.0127,0.0033785566,-0.006193748,1
1252.9885,0.010298844,0.061061878,1
1253.9644,0.03852206,0.0032389597,1
1254.9402,0.012162993,-0.06355147,1
1255.9161,0.0019454329,-0.02059748,1
1256.892,0.00030652023,-0.003380192,1
1257.8678,0.0,-0.0005325793,1
1258.8436,0.0,0.0005375836,1
1259.8195,0.0003094004,0.0012095632,1
1260.7953,0.000696151,0.015438178,1
1261.7711,0.009194677,3.6937242e-06,1
1262.7471,0.000696151,-0.015435451,1
1263.7229,0.0003094004,-0.0012095632,1
1264.6987,0.0,-0.0005375836,1
1265.6746,0.0,0.0,1
1266.6504,0.0,0.0,1
1267.6262,0.0,0.0,1
1268.602,0.0,0.0,1
1269.578,0.0,0.0,1
1270.5538,0.0,0.0,1
1271.5297,0.0,0.0,1
1272.5055,0.0,0.0,1
1273.4813,0.0,0.0,1
1274.4572,0.0,0.001449088,1
1275.433,0.0008340069,0.0050007035,1
1276.4089,0.0028784324,0.04553334,1
1277.3848,0.0270391,0.049992733,1
1278.3606,0.031651206,-0.041614506,1
1279.3364,0.00308832,-0.053253178,1
1280.3123,0.0010019168,-0.0053659594,1
1281.2881,0.0,-0.0014176337,1
1282.2639,0.00018601303,0.0030065705,1
1283.2399,0.0017306772,0.017893732,1
1284.2157,0.010484298,0.076382846,1
1285.1915,0.045691997,0.10022689,1
1286.1674,0.0681688,0.03015249,1
1287.1432,0.063045934,-0.022211725,1
1288.119,0.055385076,-0.021372162,1
1289.0948,0.050745416,0.045430966,1
1290.0708,0.081538446,0.09859441,1
1291.0466,0.10749451,0.075079314,1
1292.0225,0.12474953,0.06776502,1
1292.9983,0.14649594,0.07654284,1
1293.9741,0.16880293,0.073114075,1
1294.95,0.18857595,-0.007682659,1
1295.9258,0.16438127,-0.15303926,1
1296.9017,0.1004854,-0.11397358,1
1297.8776,0.09877312,0.019649833,1
1298.8534,0.11179465,0.055329278,1
1299.8292,0.13061729,0.006516995,1
1300.805,0.11554544,-0.08925974,1
1301.7809,0.079244815,-0.018962739,1
1302.7567,0.10463163,0.08444229,1
1303.7327,0.12784743,0.058247816,1
1304.7085,0.13815923,0.035269115,1
1305.6843,0.1481462,0.033635404,1
1306.6602,0.15751772,0.029947827,1
1307.636,0.16538234,-0.010416484,1
1308.6118,0.15152262,-0.09318652,1
1309.5876,0.11174985,-0.07335601,1
1310.5636,0.10930541,0.011108089,1
1311.5394,0.11814197,0.032583535,1
1312.5153,0.12805851,-0.013429917,1
1313.4911,0.11041252,-0.09981295,1
1314.4669,0.07061225,-0.034486897,1
1315.4427,0.09056397,0.062354315,1
1316.4186,0.1064996,0.00200613,1
1317.3945,0.091714814,-0.051401872,1
1318.3704,0.07691395,-0.05020618,1
1319.3462,0.06281919,-0.035407335,1
1320.322,0.05653565,-0.039510466,1
1321.2979,0.04007937,-0.08136983,1
1322.2737,0.009704123,0.008451644,1
1323.2496,0.044952136,0.14299986,1
1324.2255,0.09200981,0.027868774,1
1325.2013,0.06099171,-0.09852866,1
1326.1771,0.03530271,-0.07283071,1
1327.153,0.019074783,-0.033838917,1
1328.1288,0.015827091,0.0044948217,1
1329.1046,0.021661729,0.0502508,1
1330.0806,0.044752363,0.06558614,1
1331.0564,0.059412535,0.03877718,1
1332.0322,0.06707015,0.0137839625,1
1333.008,0.067345746,-0.016739463,1
1333.9839,0.057435934,-0.06184196,1
1334.9597,0.031753276,-0.09347937,1
1335.9355,0.0036348936,-0.05364688,1
1336.9115,0.0008786378,-0.0063148285,1
1337.8873,0.0,-0.0015266342,1
1338.8632,0.0,0.0,1
1339.839,0.0,0.0,1
1340.8148,0.0,0.0,1
1341.7906,0.0,0.0,1
1342.7665,0.0,0.0,1
1343.7424,0.0,0.0,1
1344.7183,0.0,0.0,1
1345.6941,0.0,0.0,1
1346.6699,0.0,0.0,1
1347.6458,0.0,0.0,1
1348.6216,0.0,0.0,1
1349.5974,0.0,0.0,1
1350.5734,0.0,0.0,1
1351.5492,0.0,0.0,1
1352.525,0.0,0.0,1
1353.5009,0.0,0.0,1
1354.4767,0.0,0.0,1
1355.4525,0.0,0.0,1
1356.4283,0.0,0.0,1
1357.4043,0.0,0.0,1
1358.3801,0.0,0.0,1
1359.356,0.0,0.0,1
1360.3318,0.0,0.0,1
1361.3076,0.0,0.0,1
1362.2834,0.0,0.0,1
1363.2593,0.0,0.0,1
1364.2352,0.0,0.0,1
1365.211,0.0,0.0,1
1366.1869,0.0,0.0,1
1367.1627,0.0,0.0,1
1368.1385,0.0,0.0,1
1369.1144,0.0,0.0,1
1370.0902,0.0,0.0,1
1371.0662,0.0,0.0,1
1372.042,0.0,0.0,1
1373.0178,0.0,0.0,1
1373.9937,0.0,0.0,1
1374.9695,0.0,0.0,1
1375.9453,0.0,0.0,1
1376.9211,0.0,0.0,1
1377.8971,0.0,0.0,1
1378.8729,0.0,0.0,1
1379.8488,0.0,0.0,1
1380.8246,0.0,0.0,1
1381.8004,0.0,0.0,1
1382.7762,0.0,0.0,1
1383.7521,0.0,0.0,1
1384.728,0.0,0.0,1
1385.7039,0.0,0.0,1
1386.6797,0.0,0.0,1
1387.6555,0.0,0.0,1
1388.6313,0.0,0.0,1
1389.6072,0.0,0.0,1
1390.5831,0.0,0.0,1
1391.559,0.0,0.0,1
1392.5348,0.0,0.0,1
1393.5106,0.0,0.0,1
1394.4865,0.0,0.0,1
1395.4623,0.0,0.0,1
1396.4381,0.0,0.0,1
1397.4141,0.0,0.0,1
1398.3899,0.0,0.0,1
1399.3657,0.0,0.0,1
1400.3416,0.0,0.0,1
1401.3174,0.0,0.0,1
1402.2932,0.0,0.0,1
1403.269,0.0,0.0,1
1404.245,0.0,0.0,1
1405.2208,0.0,0.0,1
1406.1967,0.0,0.0,1
1407.1725,0.0,0.0,1
1408.1483,0.0,0.0,1
1409.1241,0.0,0.0,1
1410.1,0.0,0.0,1
1411.0759,0.0,0.0006825599,1
1412.0518,0.0003928154,0.0015356637,1
1413.0276,0.0008838346,0.019600343,1
1414.0034,0.01167358,0.0,1
1414.9792,0.0008838346,-0.019600343,1
1415.9551,0.0003928154,-0.00058239535,1
1416.9309,0.0005486433,0.001747802,1
1417.9069,0.0013988937,0.02801997,1
1418.8827,0.016674437,0.008205388,1
1419.8585,0.0061214156,-0.027375702,1
1420.8344,0.00091864733,-0.010350241,1
1421.8102,0.00016444623,-0.0015961509,1
1422.786,0.0,-0.00028572552,1
1423.7618,0.0,0.0,1
1424.7378,0.0,0.0,1
1425.7136,0.0,0.0009169263,1
1426.6895,0.000527727,0.004201759,1
1427.6653,0.0024182769,0.03355402,1
1428.6411,0.01983938,0.068933226,1
1429.617,0.04209205,0.048228428,1
1430.5928,0.047596727,-0.0014086947,1
1431.5687,0.041279767,-0.052837953,1
1432.5446,0.017186737,-0.04483617,1
1433.5204,0.015474797,0.052749135,1
1434.4962,0.04754593,0.056030776,1
1435.472,0.0477227,-0.0077137416,1
1436.4479,0.04310637,0.017682152,1
1437.4237,0.05789947,0.015293875,1
1438.3997,0.05190655,-0.046616737,1
1439.3755,0.031069893,-0.011406071,1
1440.3513,0.04534191,0.046266127,1
1441.3271,0.057697862,0.02909997,1
1442.303,0.062090084,0.010992766,1
1443.2788,0.064024635,0.0047189603,1
1444.2546,0.06480603,-0.0001137178,1
1445.2306,0.06395898,0.019018853,1
1446.2064,0.07575123,0.057320237,1
1447.1823,0.09694902,0.008747289,1
1448.1581,0.08078564,-0.05567383,1
1449.1339,0.06490655,-0.038738947,1
1450.1097,0.058489855,-0.011609782,1
1451.0856,0.058224667,0.0006540226,1
1452.0615,0.058866408,-0.01405433,1
1453.0374,0.050136514,-0.03231078,1
1454.0132,0.040270288,-0.03347643,1
1454.989,0.030869517,0.027153553,1
1455.9648,0.055898223,0.070504956,1
1456.9407,0.07144788,-0.00044919288,1
1457.9166,0.055635758,-0.06215869,1
1458.8925,0.035671394,-0.0678076,1
1459.8683,0.016609829,-0.037041906,1
1460.8441,0.014352327,0.0009958203,1
1461.82,0.017182963,0.016960975,1
1462.7958,0.024114033,0.0115353735,1
1463.7716,0.023822023,-0.0065180655,1
1464.7476,0.020362003,-0.018632026,1
1465.7234,0.013098365,-0.032470427,1
1466.6992,0.0016739996,-0.020636918,1
1467.675,0.0012210107,0.01113175,1
1468.6509,0.008080758,0.013501999,1
1469.6267,0.00899194,-0.012496416,1
1470.6025,0.00088858115,-0.015131407,1
1471.5785,0.0002836166,-0.0015437445,1
1472.5543,0.0,-0.0004927842,1
1473.5302,0.0,0.0,1
1474.506,0.0,0.0,1
1475.4818,0.0,0.0,1
1476.4576,0.0,0.0,1
1477.4335,0.0,0.0,1
1478.4094,0.0,0.0,1
1479.3853,0.0,0.0,1
1480.3611,0.0,0.0,1
1481.3369,0.0,0.0,1
1482.3127,0.0,0.0,1
1483.2886,0.0,0.0,1
1484.2644,0.0,0.0,1
1485.2404,0.0,0.0,1
1486.2162,0.0,0.0,1
1487.192,0.0,0.0,1
1488.1678,0.0,0.0,1
1489.1437,0.0,0.0,1
1490.1195,0.0,0.0,1
1491.0953,0.0,0.0,1
1492.0713,0.0,0.0,1
1493.0471,0.0,0.0,1
1494.023,0.0,0.0,1
1494.9988,0.0,0.0,1
1495.9746,0.0,0.0,1
1496.9504,0.0,0.0,1
1497.9263,0.0,0.0,1
1498.9022,0.0,0.0,1
1499.878,0.0,0.0,1
1500.8539,0.0,0.0,1
1501.8297,0.0,0.0,1
1502.8055,0.0,0.0,1
1503.7814,0.0,0.0,1
1504.7572,0.0,0.0,1
1505.7332,0.0,0.0,1
1506.709,0.0,0.0,1
1507.6848,0.0,0.0,1
1508.6606,0.0,0.0,1
1509.6365,0.0,0.0,1
1510.6123,0.0,0.0,1
1511.5881,0.0,0.0,1
1512.5641,0.0,0.0,1
1513.5399,0.0,0.0,1
1514.5157,0.0,0.0,1
1515.4916,0.0,0.0,1
1516.4674,0.0,0.0,1
1517.4432,0.0,0.0,1
1518.4191,0.0,0.0,1
1519.395,0.0,0.0,1
1520.3708,0.0,0.0,1
1521.3467,0.0,0.0,1
1522.3225,0.0,0.0,1
1523.2983,0.0,0.0,1
1524.2742,0.0,0.0,1
1525.25,0.0,0.0,1
1526.226,0.0,0.0,1
1527.2018,0.0,0.0,1
1528.1776,0.0,0.0,1
1529.1534,0.0,0.0,1
1530.1293,0.0,0.0,1
1531.1051,0.0,0.0,1
1532.081,0.0,0.0,1
1533.0569,0.0,0.0,1
1534.0327,0.0,0.0,1
1535.0085,0.0,0.0,1
1535.9844,0.0,0.0,1
1536.9602,0.0,0.0,1
1537.936,0.0,0.0,1
1538.912,0.0,0.0,1
1539.8878,0.0,0.00032820634,1
1540.8636,0.0001888956,0.0007384643,1
1541.8395,0.0004250151,0.009425338,1
1542.8153,0.0056135473,0.0,1
1543.7911,0.0004250151,-0.009425338,1
1544.767,0.0001888956,-0.0007384284,1
1545.7429,0.0,-0.00032814476,1
1546.7188,0.0,0.0,1
1547.6946,0.0,0.0,1
1548.6704,0.0,0.0,1
1549.6462,0.0,0.0,1
1550.6221,0.0,0.0,1
1551.5979,0.0,0.0,1
1552.5739,0.0,0.0,1
1553.5497,0.0,0.0,1
1554.5255,0.0,0.0,1
1555.5013,0.0,3.16776e-05,1
1556.4772,1.82317e-05,0.0008750121,1
1557.453,0.0005036037,0.002718118,1
1558.4288,0.0015826151,0.02307765,1
1559.4048,0.013787918,-0.0008293039,1
1560.3806,0.001108401,-0.022959825,1
1561.3564,0.0005736401,0.0006227828,1
1562.3323,0.0014668369,-0.00080373744,1
1563.3081,0.000111057736,-0.0024628695,1
1564.2839,4.9358987e-05,-0.00019296295,1
1565.2598,0.0,-8.576667e-05,1
1566.2357,0.0,0.0,1
1567.2115,0.0,0.0,1
1568.1874,0.0,0.0,1
1569.1632,0.0,0.0,1
1570.139,0.0,0.0,1
1571.1149,0.0,0.0,1
1572.0907,0.0,0.0,1
1573.0667,0.0,0.0018758865,1
1574.0425,0.0010795785,0.00623172,1
1575.0183,0.0035865991,0.059514306,1
1575.9941,0.035332393,0.061808206,1
1576.97,0.039159644,-0.016589781,1
1577.9458,0.025784325,-0.012907582,1
1578.9216,0.031730823,0.013007161,1
1579.8976,0.033270374,-0.0019607667,1
1580.8734,0.030602776,-0.020510592,1
1581.8492,0.021465726,-0.025665436,1
1582.8251,0.015831314,-0.008304936,1
1583.8009,0.01668591,-0.0042102668,1
1584.7767,0.01340814,-0.009849073,1
1585.7526,0.011017382,0.004413443,1
1586.7285,0.015949326,-0.013389893,1
1587.7043,0.003312689,-0.026596328,1
1588.6802,0.0006420977,-0.00564442,1
1589.656,6.410434e-05,-0.0011156455,1
1590.6318,0.0,-0.00011138136,1
1591.6077,0.0,0.0007135826,1
1592.5835,0.00041069472,0.0038726893,1
1593.5594,0.0022292,0.028789584,1
1594.5353,0.016979646,0.07395009,1
1595.5111,0.044790372,0.07828307,1
1596.4869,0.062034618,-0.0049149217,1
1597.4628,0.041961644,0.021299424,1
1598.4386,0.07429327,0.16901092,1
1599.4146,0.13924421,0.10405382,1
1600.3904,0.13419281,0.03418699,1
1601.3662,0.15892017,0.14937842,1
1602.342,0.22016594,0.1334257,1
1603.3179,0.23571189,0.038338512,1
1604.2937,0.24223125,0.022013577,1
1605.2695,0.24838156,0.036614303,1
1606.2455,0.26330665,0.057552826,1
1607.2213,0.2815071,0.05926054,1
1608.1971,0.2974134,0.04226699,1
1609.173,0.3058334,0.017087178,1
1610.1488,0.30724776,-0.032037493,1
1611.1246,0.28739458,-0.083716154,1
1612.1005,0.2590658,-0.113808624,1
1613.0764,0.2218881,-0.058604054,1
1614.0522,0.22532968,-0.004343964,1
1615.0281,0.21938798,-0.09638876,1
1616.0039,0.16985418,-0.1800883,1
1616.9797,0.115740106,-0.18182181,1
1617.9556,0.06520861,-0.123738,1
1618.9314,0.04452404,-0.082523696,1
1619.9073,0.017709255,-0.07347215,1
1620.8832,0.0022338785,-0.0291665,1
1621.859,0.0009227912,-0.0018427288,1
1622.8348,0.001173316,0.023410177,1
1623.8107,0.014396264,0.0055354186,1
1624.7865,0.004359166,-0.022420757,1
1625.7623,0.0014922413,0.008581031,1
1626.7383,0.00929953,0.004469704,1
1627.7141,0.0040665227,-0.013716098,1
1628.69,0.0014053789,0.0019309729,1
1629.6658,0.005177873,0.04127763,1
1630.6416,0.02516227,0.07900811,1
1631.6174,0.050650135,-0.03154326,1
1632.5933,0.00700789,-0.084813535,1
1633.5692,0.0018383868,-0.012022737,1
1634.545,8.747306e-05,-0.0031941992,1
1635.5209,0.0,0.000275557,1
1636.4967,0.00024606692,0.0018245834,1
1637.4725,0.0010501192,0.016590767,1
1638.4484,0.009794703,0.031887375,1
1639.4242,0.01940255,0.05983066,1
1640.4001,0.04423365,0.0253268,1
1641.376,0.03398441,-0.07048286,1
1642.3518,0.0036680023,-0.05653434,1
1643.3276,0.0014466856,-0.0037342124,1
1644.3035,0.0015188169,0.023566645,1
1645.2793,0.015010213,0.03787371,1
1646.2551,0.02331662,0.052181534,1
1647.2311,0.04504629,0.12657936,1
1648.2069,0.09616887,0.061179236,1
1649.1827,0.080257334,-0.09088564,1
1650.1586,0.04386062,-0.085430086,1
1651.1344,0.031088974,-0.0032127425,1
1652.1102,0.042011563,0.059432697,1
1653.086,0.06529482,-0.0039413664,1
1654.062,0.039736904,-0.06333835,1
1655.0378,0.028837003,-0.008371478,1
1656.0137,0.03491879,-0.027684731,1
1656.9895,0.012903356,-0.05058723,1
1657.9653,0.0058038575,0.03175865,1
1658.9412,0.031181706,0.042067196,1
1659.917,0.030015176,-0.012733311,1
1660.893,0.023852106,-0.0006884304,1
1661.8688,0.029617438,0.0026210677,1
1662.8446,0.025360633,-0.024898544,1
1663.8204,0.01528735,-0.03649532,1
1664.7963,0.004356146,-0.022068752,1
1665.7721,0.00258592,0.009111488,1
1666.748,0.009601591,0.026113033,1
1667.7239,0.017615808,0.036896605,1
1668.6997,0.030837031,0.056615066,1
1669.6755,0.050199997,0.007828646,1
1670.6514,0.035342723,-0.05057125,1
1671.6272,0.021094259,-0.011832885,1
1672.603,0.028532436,-0.008282485,1
1673.579,0.01632461,-0.04539671,1
1674.5548,0.0024034313,-0.021251889,1
1675.5306,0.0040933155,0.0339962,1
1676.5065,0.021969575,0.13208325,1
1677.4823,0.0801124,0.058177695,1
1678.4581,0.055453114,-0.06883755,1
1679.434,0.04049369,-0.0273558,1
1680.4099,0.03970957,0.02715512,1
1681.3857,0.05612135,0.04548945,1
1682.3616,0.065890536,0.004564837,1
1683.3374,0.05874859,-0.011955723,1
1684.3132,0.059009545,0.0036256674,1
1685.2891,0.060835306,0.002367805,1
1686.2649,0.06037231,-0.023584278,1
1687.2408,0.047259204,-0.0580589,1
1688.2167,0.026955945,-0.07491958,1
1689.1925,0.004140047,-0.03709572,1
1690.1683,0.0056059053,0.046295136,1
1691.1442,0.030784711,0.031173753,1
1692.12,0.023547621,-0.02521922,1
1693.0958,0.01627006,-0.02276593,1
1694.0718,0.0104443,-0.026346384,1
1695.0476,0.0011061738,-0.017633826,1
1696.0234,0.0002953429,-0.0005404262,1
1696.9993,0.00079513737,0.0030363759,1
1697.9751,0.002042896,0.04066738,1
1698.9509,0.02420081,0.012665718,1
1699.9268,0.0093325125,-0.039674062,1
1700.9027,0.0013662702,-0.015771734,1
1701.8785,0.00025383683,-0.002373896,1
1702.8544,0.0,-0.0004410418,1
1703.8302,0.0,0.0,1
1704.806,0.0,0.0,1
1705.7819,0.0,0.0013214917,1
1706.7577,0.00076057017,0.004969729,1
1707.7336,0.0028606204,0.04378369,1
1708.7095,0.025958747,0.060360055,1
1709.6853,0.037600197,0.0004864714,1
1710.6611,0.02623873,-0.060321942,1
1711.637,0.0028825568,-0.04425139,1
1712.6128,0.0007703196,-0.0050084456,1
1713.5886,0.0,-0.001338515,1
1714.5646,0.0,0.0,1
1715.5404,0.0,0.0,1
1716.5162,0.0,0.0,1
1717.4921,0.0,0.0,1
1718.4679,0.0,0.00090193556,1
1719.4437,0.00051909924,0.0023523886,1
1720.4196,0.0013538917,0.026623731,1
1721.3955,0.015844766,0.009271059,1
1722.3713,0.00669304,-0.02566761,1
1723.3472,0.0010720504,-0.009686329,1
1724.323,0.001118178,0.0075494377,1
1725.2988,0.005417047,0.031078728,1
1726.2747,0.019005204,-0.0067179063,1
1727.2505,0.001550629,-0.0319297,1
1728.2264,0.0006293305,-0.002693988,1
1729.2023,0.0,-0.0010934625,1
1730.1781,0.0,0.0,1
1731.1539,0.0,0.0,1
1732.1298,0.0,0.0,1
1733.1056,0.0,0.00036579478,1
1734.0815,0.00021056873,0.00082580996,1
1735.0574,0.00047530892,0.010512745,1
1736.0332,0.006261065,7.630289e-05,1
1737.009,0.0005192242,-0.010506767,1
1737.9849,0.00021400944,-0.00057155656,1
1738.9607,0.00019027106,0.0003660216,1
1739.9365,0.0004246692,0.009413348,1
1740.9125,0.0056089796,-2.253323e-06,1
1741.8883,0.0004246692,-0.00941767,1
1742.8641,0.00018874188,-0.00073786324,1
1743.84,0.0,-0.00032793925,1
1744.8158,0.0,0.0,1
1745.7916,0.0,0.0,1
1746.7675,0.0,0.0,1
1747.7434,0.0,0.0,1
1748.7192,0.0,0.0,1
1749.6951,0.0,0.0,1
1750.6709,0.0,0.0,1
1751.6467,0.0,0.0,1
1752.6226,0.0,0.0,1
1753.5984,0.0,0.0,1
1754.5743,0.0,0.0,1
1755.5502,0.0,0.0,1
1756.526,0.0,0.0,1
1757.5018,0.0,0.0020666202,1
1758.4777,0.0011894208,0.0064397124,1
1759.4535,0.0037063067,0.06337572,1
1760.4293,0.03766463,0.05140459,1
1761.4053,0.033288717,-0.05935044,1
1762.3811,0.003507168,-0.0555084,1
1763.3569,0.0013414595,-0.0038824475,1
1764.3328,0.0012726674,0.01692435,1
1765.3086,0.011082085,0.03091887,1
1766.2844,0.019067688,0.012756361,1
1767.2603,0.01842387,-0.02085723,1
1768.2362,0.007061445,-0.010147932,1
1769.212,0.01258086,-0.0054162797,1
1770.1879,0.0039441637,-0.018048782,1
1771.1637,0.0021930798,0.0042316564,1
1772.1395,0.006379648,0.06681693,1
1773.1154,0.040648844,-0.0013079125,1
1774.0912,0.005626893,-0.06546081,1
1775.0671,0.0029752848,-0.0006531115,1
1776.043,0.0052503617,0.07952159,1
1777.0188,0.048743077,0.103780515,1
1777.9946,0.06498011,0.01678062,1
1778.9705,0.058400977,-0.09100947,1
1779.9463,0.012600599,-0.082748,1
1780.9221,0.010776262,0.054546896,1
1781.8981,0.044000827,0.029001733,1
1782.8739,0.027475161,-0.059754826,1
1783.8497,0.009609584,-0.04218138,1
1784.8256,0.0031981256,0.011726952,1
1785.8014,0.016358905,0.04771878,1
1786.7772,0.03066215,0.012747349,1
1787.753,0.023695502,-0.035168074,1
1788.729,0.010419489,-0.04116777,1
1789.7048,0.0,0.0,0
1790.6807,0.0,0.0,0
1791.6565,0.0,0.0,0
1792.6323,0.0,0.0,0
1793.6082,0.0,0.0,0
1794.584,0.0,0.0,0
1795.5599,0.0,0.0,0
1796.5358,0.0,0.0,0
1797.5116,0.0,0.0,0
1798.4874,0.0,0.0,0
1799.4633,0.0,0.0,0
1800.4391,0.0,0.0,0
1801.415,0.0,0.0,0
1802.3909,0.0,0.0,0
1803.3667,0.0,0.0,0
1804.3425,0.0,0.0,0
1805.3184,0.0,0.0,0
1806.2942,0.0,0.0,0
1807.27,0.0,0.0,0
1808.246,0.0,0.0,0
1809.2218,0.0,0.0,0
1810.1976,0.0,0.0,0
1811.1735,0.0,0.0,0
1812.1493,0.0,0.0,0
1813.1251,0.0,0.0,0
1814.101,0.0,0.0,0
1815.0769,0.0,0.0,0
1816.0527,0.0,0.0,0
1817.0286,0.0,0.0,0
1818.0044,0.0,0.0,0
1818.9802,0.0,0.0,0
1819.956,0.0,0.0,0
1820.9319,0.0,0.0,0
1821.9078,0.0,0.0,0
1822.8837,0.0,0.0,0
1823.8595,0.0,0.0,0
1824.8353,0.0,0.0,0
1825.8112,0.0,0.0,0
1826.787,0.0,0.0,0
1827.7628,0.0,0.0,0
1828.7388,0.0,0.0,0
1829.7146,0.0,0.0,0
1830.6904,0.0,0.0,0
1831.6663,0.0,0.0,0
1832.6421,0.0,0.0,0
1833.6179,0.0,0.0,0
1834.5938,0.0,0.0,0
1835.5697,0.0,0.0,0
1836.5455,0.0,0.0,0
1837.5214,0.0,0.0,0
1838.4972,0.0,0.0,0
1839.473,0.0,0.0,0
1840.4489,0.0,0.0,0
1841.4247,0.0,0.0,0
1842.4006,0.0,0.0,0
1843.3765,0.0,0.0,0
1844.3523,0.0,0.0,0
1845.3281,0.0,0.0,0
1846.304,0.0,0.0,0
1847.2798,0.0,0.0,0
1848.2556,0.0,0.0,0
1849.2316,0.0,0.0,0
1850.2074,0.0,0.0,0
1851.1832,0.0,0.0,0
1852.159,0.0,0.0,0
1853.1349,0.0,0.0,0
1854.1107,0.0,0.0,0
1855.0865,0.0,0.0,0
1856.0625,0.0,0.0,0
1857.0383,0.0,0.0,0
1858.0142,0.0,0.0,0
1858.99,0.0,0.0,0
1859.9658,0.0,0.0,0
1860.9417,0.0,0.0,0
1861.9175,0.0,0.0,0
1862.8934,0.0,0.0,0
1863.8693,0.0,0.0,0
1864.8451,0.0,0.0,0
1865.8209,0.0,0.0,0
1866.7968,0.0,0.0,0
1867.7726,0.0,0.0,0
1868.7485,0.0,0.0,0
1869.7244,0.0,0.0,0
1870.7002,0.0,0.0,0
1871.676,0.0,0.0,0
1872.6519,0.0,0.0,0
1873.6277,0.0,0.0,0
1874.6035,0.0,0.0,0
1875.5795,0.0,0.0,0
1876.5553,0.0,0.0,0
1877.5311,0.0,0.0,0
1878.507,0.0,0.0,0
1879.4828,0.0,0.0,0
1880.4586,0.0,0.0,0
1881.4344,0.0,0.0,0
1882.4104,0.0,0.0,0
1883.3862,0.0,0.0,0
1884.362,0.0,0.0,0
1885.3379,0.0,0.0,0
1886.3137,0.0,0.0,0
1887.2896,0.0,0.0,0
1888.2654,0.0,0.0,0
1889.2413,0.0,0.0,0
1890.2172,0.0,0.0,0
1891.193,0.0,0.0,0
1892.1688,0.0,0.0,0
1893.1447,0.0,0.0,0
1894.1205,0.0,0.0,0
1895.0963,0.0,0.0,0
1896.0723,0.0,0.0,0
1897.0481,0.0,0.0,0
1898.0239,0.0,0.0,0
1898.9998,0.0,0.0,0
1899.9756,0.0,0.0,0
1900.9514,0.0,0.0,0
1901.9272,0.0,0.0,0
1902.9032,0.0,0.0,0
1903.879,0.0,0.0,0
1904.8549,0.0,0.0,0
1905.8307,0.0,0.0,0
1906.8065,0.0,0.0,0
1907.7823,0.0,0.0,0
1908.7582,0.0,0.0,0
1909.7341,0.0,0.0,0
1910.71,0.0,0.0,0
1911.6858,0.0,0.0,0
1912.6616,0.0,0.0,0
1913.6375,0.0,0.0,0
1914.6133,0.0,0.0,0
1915.5891,0.0,0.0,0
1916.5651,0.0,0.0,0
1917.5409,0.0,0.0,0
1918.5167,0.0,0.0,0
1919.4926,0.0,0.0,0
1920.4684,0.0,0.0,0
1921.4442,0.0,0.0,0
1922.42,0.0,0.0,0
1923.396,0.0,0.0,0
1924.3718,0.0,0.0,0
1925.3477,0.0,0.0,0
1926.3235,0.0,0.0,0
1927.2993,0.0,0.0,0
1928.2751,0.0,0.0,0
1929.251,0.0,0.0,0
1930.2269,0.0,0.0,0
1931.2028,0.0,0.0,0
1932.1786,0.0,0.0,0
1933.1544,0.0,0.0,0
1934.1302,0.0,0.0,0
1935.1061,0.0,0.0,0
1936.082,0.0,0.0,0
1937.0579,0.0,0.0,0
1938.0337,0.0,0.0,0
1939.0095,0.0,0.0,0
1939.9854,0.0,0.0,0
1940.9612,0.0,0.0,0
1941.937,0.0,0.0,0
1942.913,0.0,0.0,0
1943.8888,0.0,0.0,0
1944.8646,0.0,0.0,0
1945.8405,0.0,0.0,0
1946.8163,0.0,0.0,0
1947.7921,0.0,0.0,0
1948.768,0.0,0.0,0
1949.7439,0.0,0.0,0
1950.7197,0.0,0.0,0
1951.6956,0.0,0.0,0
1952.6714,0.0,0.0,0
1953.6472,0.0,0.0,0
1954.623,0.0,0.0,0
1955.5989,0.0,0.0,0
1956.5748,0.0,0.0,0
1957.5507,0.0,0.0,0
1958.5265,0.0,0.0,0
1959.5023,0.0,0.0,0
1960.4781,0.0,0.0,0
1961.454,0.0,0.0,0
1962.4298,0.0,0.0,0
1963.4058,0.0,0.0,0
1964.3816,0.0,0.0,0
1965.3574,0.0,0.0,0
1966.3333,0.0,0.0,0
1967.3091,0.0,0.0,0
1968.2849,0.0,0.0,0
1969.2607,0.0,0.0,0
1970.2367,0.0,0.0,0
1971.2125,0.0,0.0,0
1972.1884,0.0,0.0,0
1973.1642,0.0,0.0,0
1974.14,0.0,0.0,0
1975.1158,0.0,0.0,0
1976.0917,0.0,0.0,0
1977.0676,0.0,0.0,0
1978.0435,0.0,0.0,0
1979.0193,0.0,0.0,0
1979.9951,0.0,0.0,0
1980.971,0.0,0.0,0
1981.9468,0.0,0.0,0
1982.9226,0.0,0.0,0
1983.8986,0.0,0.0,0
1984.8744,0.0,0.0,0
1985.8502,0.0,0.0,0
1986.826,0.0,0.0,0
1987.8019,0.0,0.0,0
1988.7777,0.0,0.0,0
1989.7535,0.0,0.0,0
1990.7295,0.0,0.0,0
1991.7053,0.0,0.0,0
1992.6812,0.0,0.0,0
1993.657,0.0,0.0,0
1994.6328,0.0,0.0,0
1995.6086,0.0,0.0,0
1996.5845,0.0,0.0,0
1997.5604,0.0,0.0,0
1998.5363,0.0,0.0,0
1999.5121,0.0,0.0,0
2000.4879,0.0,0.0,0
2001.4637,0.0,0.0,0
2002.4396,0.0,0.0,0
2003.4155,0.0,0.0,0
2004.3914,0.0,0.0,0
2005.3672,0.0,0.0,0
2006.343,0.0,0.0,0
2007.3188,0.0,0.0,0
2008.2947,0.0,0.0,0
2009.2705,0.0,0.0,0
2010.2465,0.0,0.0,0
2011.2223,0.0,0.0,0
2012.1981,0.0,0.0,0
2013.174,0.0,0.0,0
2014.1498,0.0,0.0,0
2015.1256,0.0,0.0,0
2016.1014,0.0,0.0,0
2017.0774,0.0,0.0,0
2018.0532,0.0,0.0,0
2019.029,0.0,0.0,0
2020.0049,0.0,0.0,0
2020.9807,0.0,0.0,0
2021.9565,0.0,0.0,0
2022.9324,0.0,0.0,0
2023.9083,0.0,0.0,0
2024.8842,0.0,0.0,0
2025.86,0.0,0.0,0
2026.8358,0.0,0.0,0
2027.8116,0.0,0.0,0
2028.7875,0.0,0.0,0
2029.7633,0.0,0.0,0
2030.7393,0.0,0.0,0
2031.7151,0.0,0.0,0
2032.6909,0.0,0.0,0
2033.6667,0.0,0.0,0
2034.6426,0.0,0.0,0
2035.6184,0.0,0.0,0
2036.5942,0.0,0.0,0
2037.5702,0.0,0.0,0
2038.546,0.0,0.0,0
2039.5219,0.0,0.0,0
2040.4977,0.0,0.0,0
2041.4735,0.0,0.0,0
2042.4493,0.0,0.0,0
2043.4252,0.0,0.0,0
2044.4011,0.0,0.0,0
2045.377,0.0,0.0,0
2046.3528,0.0,0.0,0
2047.3286,0.0,0.0,0
2048.3044,0.0,0.0,0
2049.2803,0.0,0.0,0
2050.256,0.0,0.0,0
2051.232,0.0,0.0,0
2052.2078,0.0,0.0,0
2053.1836,0.0,0.0,0
2054.1597,0.0,0.0,0
2055.1355,0.0,0.0,0
2056.1113,0.0,0.0,0
2057.0872,0.0,0.0,0
2058.063,0.0,0.0,0
2059.0388,0.0,0.0,0
2060.0146,0.0,0.0,0
2060.9905,0.0,0.0,0
2061.9663,0.0,0.0,0
2062.9421,0.0,0.0,0
2063.918,0.0,0.0,0
2064.8938,0.0,0.0,0
2065.8696,0.0,0.0,0
2066.8455,0.0,0.0,0
2067.8215,0.0,0.0,0
2068.7974,0.0,0.0,0
2069.7732,0.0,0.0,0
2070.749,0.0,0.0,0
2071.7249,0.0,0.0,0
2072.7007,0.0,0.0,0
2073.6765,0.0,0.0,0
2074.6523,0.0,0.0,0
2075.6282,0.0,0.0,0
2076.604,0.0,0.0,0
2077.5798,0.0,0.0,0
2078.5557,0.0,0.0,0
2079.5315,0.0,0.0,0
2080.5073,0.0,0.0,0
2081.4834,0.0,0.0,0
2082.4592,0.0,0.0,0
2083.435,0.0,0.0,0
2084.411,0.0,0.0,0
2085.3867,0.0,0.0,0
2086.3625,0.0,0.0,0
2087.3384,0.0,0.0,0
2088.3142,0.0,0.0,0
2089.29,0.0,0.0,0
2090.2659,0.0,0.0,0
2091.2417,0.0,0.0,0
2092.2175,0.0,0.0,0
2093.1934,0.0,0.0,0
2094.1692,0.0,0.0,0
2095.1453,0.0,0.0,0
2096.121,0.0,0.0,0
2097.097,0.0,0.0,0
2098.0728,0.0,0.0,0
2099.0486,0.0,0.0,0
2100.0244,0.0,0.0,0
2101.0002,0.0,0.0,0
2101.976,0.0,0.0,0
2102.952,0.0,0.0,0
2103.9277,0.0,0.0,0
2104.9036,0.0,0.0,0
2105.8794,0.0,0.0,0
2106.8552,0.0,0.0,0
2107.8313,0.0,0.0,0
2108.8071,0.0,0.0,0
2109.783,0.0,0.0,0
2110.7588,0.0,0.0,0
2111.7346,0.0,0.0,0
2112.7104,0.0,0.0,0
2113.6863,0.0,0.0,0
2114.662,0.0,0.0,0
2115.638,0.0,0.0,0
2116.6138,0.0,0.0,0
2117.5896,0.0,0.0,0
2118.5654,0.0,0.0,0
2119.5413,0.0,0.0,0
2120.517,0.0,0.0,0
2121.4932,0.0,0.0,0
2122.469,0.0,0.0,0
2123.4448,0.0,0.0,0
2124.4207,0.0,0.0,0
2125.3965,0.0,0.0,0
2126.3723,0.0,0.0,0
2127.3481,0.0,0.0,0
2128.324,0.0,0.0,0
2129.2998,0.0,0.0,0
2130.2756,0.0,0.0,0
2131.2515,0.0,0.0,0
2132.2273,0.0,0.0,0
2133.2031,0.0,0.0,0
2134.179,0.0,0.0,0
2135.155,0.0,0.0,0
2136.1309,0.0,0.0,0
2137.1067,0.0,0.0,0
2138.0825,0.0,0.0,0
2139.0583,0.0,0.0,0
2140.0342,0.0,0.0,0
2141.01,0.0,0.0,0
2141.9858,0.0,0.0,0
2142.9617,0.0,0.0,0
2143.9375,0.0,0.0,0
2144.9133,0.0,0.0,0
2145.8892,0.0,0.0,0
2146.865,0.0,0.0,0
2147.8408,0.0,0.0,0
2148.817,0.0,0.0,0
2149.7927,0.0,0.0,0
2150.7686,0.0,0.0,0
2151.7444,0.0,0.0,0
2152.7202,0.0,0.0,0
2153.696,0.0,0.0,0
2154.6719,0.0,0.0,0
2155.6477,0.0,0.0,0
2156.6235,0.0,0.0,0
2157.5994,0.0,0.0,0
2158.5752,0.0,0.0,0
2159.551,0.0,0.0,0
2160.5269,0.0,0.0,0
2161.5027,0.0,0.0,0
2162.4788,0.0,0.0,0
2163.4546,0.0,0.0,0
2164.4304,0.0,0.0,0
2165.4062,0.0,0.0,0
2166.382,0.0,0.0,0
2167.358,0.0,0.0,0
2168.3337,0.0,0.0,0
2169.3096,0.0,0.0,0
2170.2854,0.0,0.0,0
2171.2612,0.0,0.0,0
2172.237,0.0,0.0,0
2173.213,0.0,0.0,0
2174.1887,0.0,0.0,0
2175.1648,0.0,0.0,0
2176.1406,0.0,0.0,0
2177.1165,0.0,0.0,0
2178.0923,0.0,0.0,0
2179.068,0.0,0.0,0
2180.044,0.0,0.0,0
2181.0198,0.0,0.0,0
2181.9956,0.0,0.0,0
2182.9714,0.0,0.0,0
2183.9473,0.0,0.0,0
2184.923,0.0,0.0,0
2185.899,0.0,0.0,0
2186.8748,0.0,0.0,0
2187.8506,0.0,0.0,0
2188.8267,0.0,0.0,0
2189.8025,0.0,0.0,0
2190.7783,0.0,0.0,0
2191.7542,0.0,0.0,0
2192.73,0.0,0.0,0
2193.7058,0.0,0.0,0
2194.6816,0.0,0.0,0
2195.6575,0.0,0.0,0
2196.6333,0.0,0.0,0
2197.6091,0.0,0.0,0
2198.585,0.0,0.0,0
2199.5608,0.0,0.0,0
2200.5366,0.0,0.0,0
2201.5125,0.0,0.0,0
2202.4885,0.0,0.0,0
2203.4644,0.0,0.0,0
2204.4402,0.0,0.0,0
2205.416,0.0,0.0,0
2206.3918,0.0,0.0,0
2207.3677,0.0,0.0,0
2208.3435,0.0,0.0,0
2209.3193,0.0,0.0,0
2210.2952,0.0,0.0,0
2211.271,0.0,0.0,0
2212.2468,0.0,0.0,0
2213.2227,0.0,0.0,0
2214.1985,0.0,0.0,0
2215.1743,0.0,0.0,0
2216.1504,0.0,0.0,0
2217.1262,0.0,0.0,0
2218.102,0.0,0.0,0
2219.078,0.0,0.0,0
2220.0537,0.0,0.0,0
2221.0295,0.0,0.0,0
2222.0054,0.0,0.0,0
2222.9812,0.0,0.0,0
2223.957,0.0,0.0,0
2224.9329,0.0,0.0,0
2225.9087,0.0,0.0,0
2226.8845,0.0,0.0,0
2227.8604,0.0,0.0,0
2228.8362,0.0,0.0,0
2229.8123,0.0,0.0,0
2230.788,0.0,0.0,0
2231.764,0.0,0.0,0
2232.7397,0.0,0.0,0
2233.7156,0.0,0.0,0
2234.6914,0.0,0.0,0
2235.6672,0.0,0.0,0
2236.643,0.0,0.0,0
2237.619,0.0,0.0,0
2238.5947,0.0,0.0,0
2239.5706,0.0,0.0,0
2240.5464,0.0,0.0,0
2241.5222,0.0,0.0,0
2242.4983,0.0,0.0,0
2243.474,0.0,0.0,0
2244.45,0.0,0.0,0
2245.4258,0.0,0.0,0
2246.4016,0.0,0.0,0
2247.3774,0.0,0.0,0
2248.3533,0.0,0.0,0
2249.329,0.0,0.0,0
2250.305,0.0,0.0,0
2251.2808,0.0,0.0,0
2252.2566,0.0,0.0,0
2253.2324,0.0,0.0,0
2254.2083,0.0,0.0,0
2255.184,0.0,0.0,0
2256.1602,0.0,0.0,0
2257.136,0.0,0.0,0
2258.1118,0.0,0.0,0
2259.0876,0.0,0.0,0
2260.0635,0.0,0.0,0
2261.0393,0.0,0.0,0
2262.0151,0.0,0.0,0
2262.991,0.0,0.0,0
2263.9668,0.0,0.0,0
2264.9426,0.0,0.0,0
2265.9185,0.0,0.0,0
2266.8943,0.0,0.0,0
2267.87,0.0,0.0,0
2268.846,0.0,0.0,0
2269.822,0.0,0.0,0
2270.7979,0.0,0.0,0
2271.7737,0.0,0.0,0
2272.7495,0.0,0.0,0
2273.7253,0.0,0.0,0
2274.7012,0.0,0.0,0
2275.677,0.0,0.0,0
2276.6528,0.0,0.0,0
2277.6287,0.0,0.0,0
2278.6045,0.0,0.0,0
2279.5803,0.0,0.0,0
2280.5562,0.0,0.0,0
2281.532,0.0,0.0,0
2282.5078,0.0,0.0,0
2283.484,0.0,0.0,0
2284.4597,0.0,0.0,0
2285.4355,0.0,0.0,0
2286.4114,0.0,0.0,0
2287.3872,0.0,0.0,0
2288.363,0.0,0.0,0
2289.3389,0.0,0.0,0
2290.3147,0.0,0.0,0
2291.2905,0.0,0.0,0
2292.2664,0.0,0.0,0
2293.2422,0.0,0.0,0
2294.218,0.0,0.0,0
2295.1938,0.0,0.0,0
2296.1697,0.0,0.0,0
2297.1458,0.0,0.0,0
2298.1216,0.0,0.0,0
2299.0974,0.0,0.0,0
2300.0732,0.0,0.0,0
2301.049,0.0,0.0,0
2302.025,0.0,0.0,0
2303.0007,0.0,0.0,0
2303.9766,0.0,0.0,0
2304.9524,0.0,0.0,0
2305.9282,0.0,0.0,0
2306.904,0.0,0.0,0
2307.88,0.0,0.0,0
2308.8557,0.0,0.0,0
2309.8318,0.0,0.0,0
2310.8076,0.0,0.0,0
2311.7834,0.0,0.0,0
2312.7593,0.0,0.0,0
2313.735,0.0,0.0,0
2314.711,0.0,0.0,0
2315.6868,0.0,0.0,0
2316.6626,0.0,0.0,0
2317.6384,0.0,0.0,0
2318.6143,0.0,0.0,0
2319.59,0.0,0.0,0
2320.566,0.0,0.0,0
2321.5417,0.0,0.0,0
2322.5176,0.0,0.0,0
2323.4937,0.0,0.0,0
2324.4695,0.0,0.0,0
2325.4453,0.0,0.0,0
2326.4211,0.0,0.0,0
2327.397,0.0,0.0,0
2328.3728,0.0,0.0,0
2329.3486,0.0,0.0,0
2330.3245,0.0,0.0,0
2331.3003,0.0,0.0,0
2332.2761,0.0,0.0,0
2333.252,0.0,0.0,0
2334.2278,0.0,0.0,0
2335.2036,0.0,0.0,0
2336.1794,0.0,0.0,0
2337.1555,0.0,0.0,0
2338.1313,0.0,0.0,0
2339.1072,0.0,0.0,0
2340.083,0.0,0.0,0
2341.0588,0.0,0.0,0
2342.0347,0.0,0.0,0
2343.0105,0.0,0.0,0
2343.9863,0.0,0.0,0
2344.9622,0.0,0.0,0
2345.938,0.0,0.0,0
2346.9138,0.0,0.0,0
2347.8896,0.0,0.0,0
2348.8655,0.0,0.0,0
2349.8413,0.0,0.0,0
2350.8174,0.0,0.0,0
2351.7932,0.0,0.0,0
2352.769,0.0,0.0,0
2353.7449,0.0,0.0,0
2354.7207,0.0,0.0,0
2355.6965,0.0,0.0,0
2356.6724,0.0,0.0,0
2357.6482,0.0,0.0,0
2358.624,0.0,0.0,0
2359.5999,0.0,0.0,0
2360.5757,0.0,0.0,0
2361.5515,0.0,0.0,0
2362.5273,0.0,0.0,0
2363.5032,0.0,0.0,0
2364.4792,0.0,0.0,0
2365.455,0.0,0.0,0
2366.431,0.0,0.0,0
2367.4067,0.0,0.0,0
2368.3826,0.0,0.0,0
2369.3584,0.0,0.0,0
2370.3342,0.0,0.0,0
2371.31,0.0,0.0,0
2372.286,0.0,0.0,0
2373.2617,0.0,0.0,0
2374.2375,0.0,0.0,0
2375.2134,0.0,0.0,0
2376.1892,0.0,0.0,0
2377.1653,0.0,0.0,0
2378.141,0.0,0.0,0
2379.117,0.0,0.0,0
2380.0928,0.0,0.0,0
2381.0686,0.0,0.0,0
2382.0444,0.0,0.0,0
2383.0203,0.0,0.0,0
2383.996,0.0,0.0,0
2384.972,0.0,0.0,0
2385.9478,0.0,0.0,0
2386.9236,0.0,0.0,0
2387.8994,0.0,0.0,0
2388.8752,0.0,0.0,0
2389.851,0.0,0.0,0
2390.8271,0.0,0.0,0
2391.803,0.0,0.0,0
2392.7788,0.0,0.0,0
2393.7546,0.0,0.0,0
2394.7305,0.0,0.0,0
2395.7063,0.0,0.0,0
2396.6821,0.0,0.0,0
2397.658,0.0,0.0,0
2398.6338,0.0,0.0,0
2399.6096,0.0,0.0,0
2400.5854,0.0,0.0,0
2401.5613,0.0,0.0,0
2402.537,0.0,0.0,0
2403.513,0.0,0.0,0
2404.489,0.0,0.0,0
2405.4648,0.0,0.0,0
2406.4407,0.0,0.0,0
2407.4165,0.0,0.0,0
2408.3923,0.0,0.0,0
2409.3682,0.0,0.0,0
2410.344,0.0,0.0,0
2411.3198,0.0,0.0,0
2412.2957,0.0,0.0,0
2413.2715,0.0,0.0,0
2414.2473,0.0,0.0,0
2415.2231,0.0,0.0,0
2416.199,0.0,0.0,0
2417.1748,0.0,0.0,0
2418.151,0.0,0.0,0
2419.1267,0.0,0.0,0
2420.1025,0.0,0.0,0
2421.0784,0.0,0.0,0
2422.0542,0.0,0.0,0
2423.03,0.0,0.0,0
2424.0059,0.0,0.0,0
2424.9817,0.0,0.0,0
2425.9575,0.0,0.0,0
2426.9333,0.0,0.0,0
2427.9092,0.0,0.0,0
2428.885,0.0,0.0,0
2429.8608,0.0,0.0,0
2430.8367,0.0,0.0,0
2431.8127,0.0,0.0,0
2432.7886,0.0,0.0,0
2433.7644,0.0,0.0,0
2434.7402,0.0,0.0,0
2435.716,0.0,0.0,0
2436.692,0.0,0.0,0
2437.6677,0.0,0.0,0
2438.6436,0.0,0.0,0
2439.6194,0.0,0.0,0
2440.5952,0.0,0.0,0
2441.571,0.0,0.0,0
2442.5469,0.0,0.0,0
2443.5227,0.0,0.0,0
2444.4988,0.0,0.0,0
2445.4746,0.0,0.0,0
2446.4504,0.0,0.0,0
2447.4263,0.0,0.0,0
2448.402,0.0,0.0,0
2449.378,0.0,0.0,0
2450.3538,0.0,0.0,0
2451.3296,0.0,0.0,0
2452.3054,0.0,0.0,0
2453.2812,0.0,0.0,0
2454.257,0.0,0.0,0
2455.233,0.0,0.0,0
2456.2087,0.0,0.0,0
2457.1846,0.0,0.0,0
2458.1606,0.0,0.0,0
2459.1365,0.0,0.0,0
2460.1123,0.0,0.0,0
2461.0881,0.0,0.0,0
2462.064,0.0,0.0,0
2463.0398,0.0,0.0,0
2464.0156,0.0,0.0,0
2464.9915,0.0,0.0,0
2465.9673,0.0,0.0,0
2466.943,0.0,0.0,0
2467.919,0.0,0.0,0
2468.8948,0.0,0.0,0
2469.8706,0.0,0.0,0
2470.8464,0.0,0.0,0
2471.8225,0.0,0.0,0
2472.7983,0.0,0.0,0
2473.7742,0.0,0.0,0
2474.75,0.0,0.0,0
2475.7258,0.0,0.0,0
2476.7017,0.0,0.0,0
2477.6775,0.0,0.0,0
2478.6533,0.0,0.0,0
2479.6292,0.0,0.0,0
2480.605,0.0,0.0,0
2481.5808,0.0,0.0,0
2482.5566,0.0,0.0,0
2483.5325,0.0,0.0,0
2484.5083,0.0,0.0,0
2485.4844,0.0,0.0,0
2486.4602,0.0,0.0,0
2487.436,0.0,0.0,0
2488.4119,0.0,0.0,0
2489.3877,0.0,0.0,0
2490.3635,0.0,0.0,0
2491.3394,0.0,0.0,0
2492.3152,0.0,0.0,0
2493.291,0.0,0.0,0
2494.2668,0.0,0.0,0
2495.2427,0.0,0.0,0
2496.2185,0.0,0.0,0
2497.1943,0.0,0.0,0
2498.1702,0.0,0.0,0
2499.1462,0.0,0.0,0
2500.122,0.0,0.0,0
2501.098,0.0,0.0,0
2502.0737,0.0,0.0,0
2503.0496,0.0,0.0,0
2504.0254,0.0,0.0,0
2505.0012,0.0,0.0,0
2505.977,0.0,0.0,0
2506.953,0.0,0.0,0
2507.9287,0.0,0.0,0
2508.9045,0.0,0.0,0
2509.8804,0.0,0.0,0
2510.8562,0.0,0.0,0
2511.8323,0.0,0.0,0
2512.808,0.0,0.0,0
2513.784,0.0,0.0,0
2514.7598,0.0,0.0,0
2515.7356,0.0,0.0,0
2516.7114,0.0,0.0,0
2517.6873,0.0,0.0,0
2518.663,0.0,0.0,0
2519.639,0.0,0.0,0
2520.6147,0.0,0.0,0
2521.5906,0.0,0.0,0
2522.5664,0.0,0.0,0
2523.5422,0.0,0.0,0
2524.518,0.0,0.0,0
2525.4941,0.0,0.0,0
2526.47,0.0,0.0,0
2527.4458,0.0,0.0,0
2528.4216,0.0,0.0,0
2529.3975,0.0,0.0,0
2530.3733,0.0,0.0,0
2531.349,0.0,0.0,0
2532.325,0.0,0.0,0
2533.3008,0.0,0.0,0
2534.2766,0.0,0.0,0
2535.2524,0.0,0.0,0
2536.2283,0.0,0.0,0
2537.204,0.0,0.0,0
2538.18,0.0,0.0,0
2539.156,0.0,0.0,0
2540.1318,0.0,0.0,0
2541.1077,0.0,0.0,0
2542.0835,0.0,0.0,0
2543.0593,0.0,0.0,0
2544.0352,0.0,0.0,0
2545.011,0.0,0.0,0
2545.9868,0.0,0.0,0
2546.9626,0.0,0.0,0
2547.9385,0.0,0.0,0
2548.9143,0.0,0.0,0
2549.8901,0.0,0.0,0
2550.866,0.0,0.0,0
2551.8418,0.0,0.0,0
2552.8179,0.0,0.0,0
2553.7937,0.0,0.0,0
2554.7695,0.0,0.0,0
2555.7454,0.0,0.0,0
2556.7212,0.0,0.0,0
2557.697,0.0,0.0,0
2558.6729,0.0,0.0,0
2559.6487,0.0,0.0,0
2560.6245,0.0,0.0,0
2561.6003,0.0,0.0,0
2562.5762,0.0,0.0,0
2563.552,0.0,0.0,0
2564.5278,0.0,0.0,0
2565.5037,0.0,0.0,0
2566.4797,0.0,0.0,0
2567.4556,0.0,0.0,0
2568.4314,0.0,0.0,0
2569.4072,0.0,0.0,0
2570.383,0.0,0.0,0
2571.359,0.0,0.0,0
2572.3347,0.0,0.0,0
2573.3105,0.0,0.0,0
2574.2864,0.0,0.0,0
2575.2622,0.0,0.0,0
2576.238,0.0,0.0,0
2577.2139,0.0,0.0,0
2578.1897,0.0,0.0,0
2579.1658,0.0,0.0,0
2580.1416,0.0,0.0,0
2581.1174,0.0,0.0,0
2582.0933,0.0,0.0,0
2583.069,0.0,0.0,0
2584.045,0.0,0.0,0
2585.0208,0.0,0.0,0
2585.9966,0.0,0.0,0
2586.9724,0.0,0.0,0
2587.9482,0.0,0.0,0
2588.924,0.0,0.0,0
2589.9,0.0,0.0,0
2590.8757,0.0,0.0,0
2591.8516,0.0,0.0,0
2592.8276,0.0,0.0,0
2593.8035,0.0,0.0,0
2594.7793,0.0,0.0,0
2595.7551,0.0,0.0,0
2596.731,0.0,0.0,0
2597.7068,0.0,0.0,0
2598.6826,0.0,0.0,0
2599.6584,0.0,0.0,0
2600.6343,0.0,0.0,0
2601.61,0.0,0.0,0
2602.586,0.0,0.0,0
2603.5618,0.0,0.0,0
2604.5376,0.0,0.0,0
2605.5134,0.0,0.0,0
2606.4895,0.0,0.0,0
2607.4653,0.0,0.0,0
2608.4412,0.0,0.0,0
2609.417,0.0,0.0,0
2610.3928,0.0,0.0,0
2611.3687,0.0,0.0,0
2612.3445,0.0,0.0,0
2613.3203,0.0,0.0,0
2614.2961,0.0,0.0,0
2615.272,0.0,0.0,0
2616.2478,0.0,0.0,0
2617.2236,0.0,0.0,0
2618.1995,0.0,0.0,0
2619.1753,0.0,0.0,0
2620.1514,0.0,0.0,0
2621.1272,0.0,0.0,0
2622.103,0.0,0.0,0
2623.0789,0.0,0.0,0
2624.0547,0.0,0.0,0
2625.0305,0.0,0.0,0
2626.0063,0.0,0.0,0
2626.9822,0.0,0.0,0
2627.958,0.0,0.0,0
2628.9338,0.0,0.0,0
2629.9097,0.0,0.0,0
2630.8855,0.0,0.0,0
2631.8613,0.0,0.0,0
2632.8372,0.0,0.0,0
2633.8132,0.0,0.0,0
2634.789,0.0,0.0,0
2635.765,0.0,0.0,0
2636.7407,0.0,0.0,0
2637.7166,0.0,0.0,0
2638.6924,0.0,0.0,0
2639.6682,0.0,0.0,0
2640.644,0.0,0.0,0
2641.6199,0.0,0.0,0
2642.5957,0.0,0.0,0
2643.5715,0.0,0.0,0
2644.5474,0.0,0.0,0
2645.5232,0.0,0.0,0
2646.4993,0.0,0.0,0
2647.475,0.0,0.0,0
2648.451,0.0,0.0,0
2649.4268,0.0,0.0,0
2650.4026,0.0,0.0,0
2651.3784,0.0,0.0,0
2652.3542,0.0,0.0,0
2653.33,0.0,0.0,0
2654.306,0.0,0.0,0
2655.2817,0.0,0.0,0
2656.2576,0.0,0.0,0
2657.2334,0.0,0.0,0
2658.2092,0.0,0.0,0
2659.185,0.0,0.0,0
2660.1611,0.0,0.0,0
2661.137,0.0,0.0,0
2662.1128,0.0,0.0,0
2663.0886,0.0,0.0,0
2664.0645,0.0,0.0,0
2665.0403,0.0,0.0,0
2666.016,0.0,0.0,0
2666.992,0.0,0.0,0
2667.9678,0.0,0.0,0
2668.9436,0.0,0.0,0
2669.9194,0.0,0.0,0
2670.8953,0.0,0.0,0
2671.871,0.0,0.0,0
2672.847,0.0,0.0,0
2673.823,0.0,0.0,0
2674.7988,0.0,0.0,0
2675.7747,0.0,0.0,0
2676.7505,0.0,0.0,0
2677.7263,0.0,0.0,0
2678.7021,0.0,0.0,0
2679.678,0.0,0.0,0
2680.6538,0.0,0.0,0
2681.6296,0.0,0.0,0
2682.6055,0.0,0.0,0
2683.5813,0.0,0.0,0
2684.5571,0.0,0.0,0
2685.533,0.0,0.0,0
2686.5088,0.0,0.0,0
2687.4849,0.0,0.0,0
2688.4607,0.0,0.0,0
2689.4365,0.0,0.0,0
2690.4124,0.0,0.0,0
2691.3882,0.0,0.0,0
2692.364,0.0,0.0,0
2693.3398,0.0,0.0,0
2694.3157,0.0,0.0,0
2695.2915,0.0,0.0,0
2696.2673,0.0,0.0,0
2697.2432,0.0,0.0,0
2698.219,0.0,0.0,0
2699.1948,0.0,0.0,0
2700.1707,0.0,0.0,0
2701.1467,0.0,0.0,0
2702.1226,0.0,0.0,0
2703.0984,0.0,0.0,0
2704.0742,0.0,0.0,0
2705.05,0.0,0.0,0
2706.026,0.0,0.0,0
2707.0017,0.0,0.0,0
2707.9775,0.0,0.0,0
2708.9534,0.0,0.0,0
2709.9292,0.0,0.0,0
2710.905,0.0,0.0,0
2711.8809,0.0,0.0,0
2712.8567,0.0,0.0,0
2713.8328,0.0,0.0,0
2714.8086,0.0,0.0,0
2715.7844,0.0,0.0,0
2716.7603,0.0,0.0,0
2717.736,0.0,0.0,0
2718.712,0.0,0.0,0
2719.6877,0.0,0.0,0
2720.6636,0.0,0.0,0
2721.6394,0.0,0.0,0
2722.6152,0.0,0.0,0
2723.591,0.0,0.0,0
2724.567,0.0,0.0,0
2725.5427,0.0,0.0,0
2726.5186,0.0,0.0,0
2727.4946,0.0,0.0,0
2728.4705,0.0,0.0,0
2729.4463,0.0,0.0,0
2730.422,0.0,0.0,0
2731.398,0.0,0.0,0
2732.3738,0.0,0.0,0
2733.3496,0.0,0.0,0
2734.3254,0.0,0.0,0
2735.3013,0.0,0.0,0
2736.277,0.0,0.0,0
2737.253,0.0,0.0,0
2738.2288,0.0,0.0,0
2739.2046,0.0,0.0,0
2740.1804,0.0,0.0,0
2741.1565,0.0,0.0,0
2742.1323,0.0,0.0,0
2743.1082,0.0,0.0,0
2744.084,0.0,0.0,0
2745.0598,0.0,0.0,0
2746.0356,0.0,0.0,0
2747.0115,0.0,0.0,0
2747.9873,0.0,0.0,0
2748.9631,0.0,0.0,0
2749.939,0.0,0.0,0
2750.9148,0.0,0.0,0
2751.8906,0.0,0.0,0
2752.8665,0.0,0.0,0
2753.8423,0.0,0.0,0
2754.8184,0.0,0.0,0
2755.7942,0.0,0.0,0
2756.77,0.0,0.0,0
2757.7458,0.0,0.0,0
2758.7217,0.0,0.0,0
2759.6975,0.0,0.0,0
2760.6733,0.0,0.0,0
2761.6492,0.0,0.0,0
2762.625,0.0,0.0,0
2763.6008,0.0,0.0,0
2764.5767,0.0,0.0,0
2765.5525,0.0,0.0,0
2766.5283,0.0,0.0,0
2767.5042,0.0,0.0,0
2768.4802,0.0,0.0,0
2769.456,0.0,0.0,0
2770.432,0.0,0.0,0
2771.4077,0.0,0.0,0
2772.3835,0.0,0.0,0
2773.3594,0.0,0.0,0
2774.3352,0.0,0.0,0
2775.311,0.0,0.0,0
2776.2869,0.0,0.0,0
2777.2627,0.0,0.0,0
2778.2385,0.0,0.0,0
2779.2144,0.0,0.0,0
2780.1902,0.0,0.0,0
2781.1663,0.0,0.0,0
2782.142,0.0,0.0,0
2783.118,0.0,0.0,0
2784.0938,0.0,0.0,0
2785.0696,0.0,0.0,0
2786.0454,0.0,0.0,0
2787.0212,0.0,0.0,0
2787.997,0.0,0.0,0
2788.973,0.0,0.0,0
2789.9487,0.0,0.0,0
2790.9246,0.0,0.0,0
2791.9004,0.0,0.0,0
2792.8762,0.0,0.0,0
2793.852,0.0,0.0,0
2794.8281,0.0,0.0,0
2795.804,0.0,0.0,0
2796.7798,0.0,0.0,0
2797.7556,0.0,0.0,0
2798.7314,0.0,0.0,0
2799.7073,0.0,0.0,0
2800.683,0.0,0.0,0
2801.659,0.0,0.0,0
2802.6348,0.0,0.0,0
2803.6106,0.0,0.0,0
2804.5864,0.0,0.0,0
2805.5623,0.0,0.0,0
2806.538,0.0,0.0,0
2807.514,0.0,0.0,0
2808.49,0.0,0.0,0
2809.4658,0.0,0.0,0
2810.4417,0.0,0.0,0
2811.4175,0.0,0.0,0
2812.3933,0.0,0.0,0
2813.3691,0.0,0.0,0
2814.345,0.0,0.0,0
2815.3208,0.0,0.0,0
2816.2966,0.0,0.0,0
2817.2725,0.0,0.0,0
2818.2483,0.0,0.0,0
2819.224,0.0,0.0,0
2820.2,0.0,0.0,0
2821.1758,0.0,0.0,0
2822.1519,0.0,0.0,0
2823.1277,0.0,0.0,0
2824.1035,0.0,0.0,0
2825.0793,0.0,0.0,0
2826.0552,0.0,0.0,0
2827.031,0.0,0.0,0
2828.0068,0.0,0.0,0
2828.9827,0.0,0.0,0
2829.9585,0.0,0.0,0
2830.9343,0.0,0.0,0
2831.9102,0.0,0.0,0
2832.886,0.0,0.0,0
2833.8618,0.0,0.0,0
2834.8376,0.0,0.0,0
2835.8137,0.0,0.0,0
2836.7896,0.0,0.0,0
2837.7654,0.0,0.0,0
2838.7412,0.0,0.0,0
2839.717,0.0,0.0,0
2840.6929,0.0,0.0,0
2841.6687,0.0,0.0,0
2842.6445,0.0,0.0,0
2843.6204,0.0,0.0,0
2844.5962,0.0,0.0,0
2845.572,0.0,0.0,0
2846.5479,0.0,0.0,0
2847.5237,0.0,0.0,0
2848.4998,0.0,0.0,0
2849.4756,0.0,0.0,0
2850.4514,0.0,0.0,0
2851.4272,0.0,0.0,0
2852.403,0.0,0.0,0
2853.379,0.0,0.0,0
2854.3547,0.0,0.0,0
2855.3306,0.0,0.0,0
2856.3064,0.0,0.0,0
2857.2822,0.0,0.0,0
2858.258,0.0,0.0,0
2859.234,0.0,0.0,0
2860.2097,0.0,0.0,0
2861.1855,0.0,0.0,0
2862.1616,0.0,0.0,0
2863.1375,0.0,0.0,0
2864.1133,0.0,0.0,0
2865.089,0.0,0.0,0
2866.065,0.0,0.0,0
2867.0408,0.0,0.0,0
2868.0166,0.0,0.0,0
2868.9924,0.0,0.0,0
2869.9683,0.0,0.0,0
2870.944,0.0,0.0,0
2871.92,0.0,0.0,0
2872.8958,0.0,0.0,0
2873.8716,0.0,0.0,0
2874.8474,0.0,0.0,0
2875.8235,0.0,0.0,0
2876.7993,0.0,0.0,0
2877.7751,0.0,0.0,0
2878.751,0.0,0.0,0
2879.7268,0.0,0.0,0
2880.7026,0.0,0.0,0
2881.6785,0.0,0.0,0
2882.6543,0.0,0.0,0
2883.6301,0.0,0.0,0
2884.606,0.0,0.0,0
2885.5818,0.0,0.0,0
2886.5576,0.0,0.0,0
2887.5334,0.0,0.0,0
2888.5093,0.0,0.0,0
2889.4854,0.0,0.0,0
2890.4612,0.0,0.0,0
2891.437,0.0,0.0,0
2892.4128,0.0,0.0,0
2893.3887,0.0,0.0,0
2894.3645,0.0,0.0,0
2895.3403,0.0,0.0,0
2896.3162,0.0,0.0,0
2897.292,0.0,0.0,0
2898.2678,0.0,0.0,0
2899.2437,0.0,0.0,0
2900.2195,0.0,0.0,0
2901.1953,0.0,0.0,0
2902.1711,0.0,0.0,0
2903.1472,0.0,0.0,0
2904.123,0.0,0.0,0
2905.0989,0.0,0.0,0
2906.0747,0.0,0.0,0
2907.0505,0.0,0.0,0
2908.0264,0.0,0.0,0
2909.0022,0.0,0.0,0
2909.978,0.0,0.0,0
2910.9539,0.0,0.0,0
2911.9297,0.0,0.0,0
2912.9055,0.0,0.0,0
2913.8813,0.0,0.0,0
2914.8572,0.0,0.0,0
2915.8333,0.0,0.0,0
2916.809,0.0,0.0,0
2917.785,0.0,0.0,0
2918.7607,0.0,0.0,0
2919.7366,0.0,0.0,0
2920.7124,0.0,0.0,0
2921.6882,0.0,0.0,0
2922.664,0.0,0.0,0
2923.64,0.0,0.0,0
2924.6157,0.0,0.0,0
2925.5916,0.0,0.0,0
2926.5674,0.0,0.0,0
2927.5432,0.0,0.0,0
2928.519,0.0,0.0,0
2929.495,0.0,0.0,0
2930.471,0.0,0.0,0
2931.4468,0.0,0.0,0
2932.4226,0.0,0.0,0
2933.3984,0.0,0.0,0
2934.3743,0.0,0.0,0
2935.35,0.0,0.0,0
2936.326,0.0,0.0,0
2937.3018,0.0,0.0,0
2938.2776,0.0,0.0,0
2939.2534,0.0,0.0,0
2940.2292,0.0,0.0,0
2941.205,0.0,0.0,0
2942.181,0.0,0.0,0
2943.157,0.0,0.0,0
2944.1328,0.0,0.0,0
2945.1086,0.0,0.0,0
2946.0845,0.0,0.0,0
2947.0603,0.0,0.0,0
2948.0361,0.0,0.0,0
2949.012,0.0,0.0,0
2949.9878,0.0,0.0,0
2950.9636,0.0,0.0,0
2951.9395,0.0,0.0,0
2952.9153,0.0,0.0,0
2953.891,0.0,0.0,0
2954.867,0.0,0.0,0
2955.8428,0.0,0.0,0
2956.8188,0.0,0.0,0
2957.7947,0.0,0.0,0
2958.7705,0.0,0.0,0
2959.7463,0.0,0.0,0
2960.7222,0.0,0.0,0
2961.698,0.0,0.0,0
2962.6738,0.0,0.0,0
2963.6497,0.0,0.0,0
2964.6255,0.0,0.0,0
2965.6013,0.0,0.0,0
2966.5771,0.0,0.0,0
2967.553,0.0,0.0,0
2968.5288,0.0,0.0,0
2969.5046,0.0,0.0,0
2970.4807,0.0,0.0,0
2971.4565,0.0,0.0,0
2972.4324,0.0,0.0,0
2973.4082,0.0,0.0,0
2974.384,0.0,0.0,0
2975.3599,0.0,0.0,0
2976.3357,0.0,0.0,0
2977.3115,0.0,0.0,0
2978.2874,0.0,0.0,0
2979.2632,0.0,0.0,0
2980.239,0.0,0.0,0
2981.2148,0.0,0.0,0
2982.1907,0.0,0.0,0
2983.1667,0.0,0.0,0
2984.1426,0.0,0.0,0
2985.1184,0.0,0.0,0
2986.0942,0.0,0.0,0
2987.07,0.0,0.0,0
2988.046,0.0,0.0,0
2989.0217,0.0,0.0,0
2989.9976,0.0,0.0,0
2990.9734,0.0,0.0,0
2991.9492,0.0,0.0,0
2992.925,0.0,0.0,0
2993.901,0.0,0.0,0
2994.8767,0.0,0.0,0
2995.8525,0.0,0.0,0
2996.8286,0.0,0.0,0
2997.8044,0.0,0.0,0
2998.7803,0.0,0.0,0
2999.756,0.0,0.0,0
3000.732,0.0,0.0,0
3001.7078,0.0,0.0,0
3002.6836,0.0,0.0,0
3003.6594,0.0,0.0,0
3004.6353,0.0,0.0,0
3005.611,0.0,0.0,0
3006.587,0.0,0.0,0
3007.5627,0.0,0.0,0
3008.5386,0.0,0.0,0
3009.5144,0.0,0.0,0
3010.4905,0.0,0.0,0
3011.4663,0.0,0.0,0
3012.4421,0.0,0.0,0
3013.418,0.0,0.0,0
3014.3938,0.0,0.0,0
3015.3696,0.0,0.0,0
3016.3455,0.0,0.0,0
3017.3213,0.0,0.0,0
3018.297,0.0,0.0,0
3019.273,0.0,0.0,0
3020.2488,0.0,0.0,0
3021.2246,0.0,0.0,0
3022.2004,0.0,0.0,0
3023.1763,0.0,0.0,0
3024.1523,0.0,0.0,0
3025.1282,0.0,0.0,0
3026.104,0.0,0.0,0
3027.0798,0.0,0.0,0
3028.0557,0.0,0.0,0
3029.0315,0.0,0.0,0
3030.0073,0.0,0.0,0
3030.9832,0.0,0.0,0
3031.959,0.0,0.0,0
3032.9348,0.0,0.0,0
3033.9106,0.0,0.0,0
3034.8865,0.0,0.0,0
3035.8623,0.0,0.0,0
3036.8381,0.0,0.0,0
3037.8142,0.0,0.0,0
3038.79,0.0,0.0,0
3039.7659,0.0,0.0,0
3040.7417,0.0,0.0,0
3041.7175,0.0,0.0,0
3042.6934,0.0,0.0,0
3043.6692,0.0,0.0,0
3044.645,0.0,0.0,0
3045.6208,0.0,0.0,0
3046.5967,0.0,0.0,0
3047.5725,0.0,0.0,0
3048.5483,0.0,0.0,0
3049.5242,0.0,0.0,0
3050.5,0.0,0.0,0
3051.476,0.0,0.0,0
3052.452,0.0,0.0,0
3053.4277,0.0,0.0,0
3054.4036,0.0,0.0,0
3055.3794,0.0,0.0,0
3056.3552,0.0,0.0,0
3057.331,0.0,0.0,0
3058.307,0.0,0.0,0
3059.2827,0.0,0.0,0
3060.2585,0.0,0.0,0
3061.2344,0.0,0.0,0
3062.2102,0.0,0.0,0
3063.186,0.0,0.0,0
3064.162,0.0,0.0,0
3065.138,0.0,0.0,0
3066.1138,0.0,0.0,0
3067.0896,0.0,0.0,0
3068.0654,0.0,0.0,0
3069.0413,0.0,0.0,0
3070.017,0.0,0.0,0
3070.993,0.0,0.0,0
3071.9688,0.0,0.0,0
3072.9446,0.0,0.0,0
3073.9204,0.0,0.0,0
3074.8962,0.0,0.0,0
3075.872,0.0,0.0,0
3076.848,0.0,0.0,0
3077.824,0.0,0.0,0
3078.7998,0.0,0.0,0
3079.7756,0.0,0.0,0
3080.7515,0.0,0.0,0
3081.7273,0.0,0.0,0
3082.7031,0.0,0.0,0
3083.679,0.0,0.0,0
3084.6548,0.0,0.0,0
3085.6306,0.0,0.0,0
3086.6064,0.0,0.0,0
3087.5823,0.0,0.0,0
3088.558,0.0,0.0,0
3089.534,0.0,0.0,0
3090.5098,0.0,0.0,0
3091.4858,0.0,0.0,0
3092.4617,0.0,0.0,0
3093.4375,0.0,0.0,0
3094.4133,0.0,0.0,0
3095.3892,0.0,0.0,0
3096.365,0.0,0.0,0
3097.3408,0.0,0.0,0
3098.3167,0.0,0.0,0
3099.2925,0.0,0.0,0
3100.2683,0.0,0.0,0
3101.2441,0.0,0.0,0
3102.22,0.0,0.0,0
3103.1958,0.0,0.0,0
3104.1716,0.0,0.0,0
3105.1477,0.0,0.0,0
3106.1235,0.0,0.0,0
3107.0994,0.0,0.0,0
3108.0752,0.0,0.0,0
3109.051,0.0,0.0,0
3110.0269,0.0,0.0,0
3111.0027,0.0,0.0,0
3111.9785,0.0,0.0,0
3112.9543,0.0,0.0,0
3113.9302,0.0,0.0,0
3114.906,0.0,0.0,0
3115.8818,0.0,0.0,0
3116.8577,0.0,0.0,0
3117.8335,0.0,0.0,0
3118.8096,0.0,0.0,0
3119.7854,0.0,0.0,0
3120.7612,0.0,0.0,0
3121.737,0.0,0.0,0
3122.713,0.0,0.0,0
3123.6887,0.0,0.0,0
3124.6646,0.0,0.0,0
3125.6404,0.0,0.0,0
3126.6162,0.0,0.0,0
3127.592,0.0,0.0,0
3128.5679,0.0,0.0,0
3129.5437,0.0,0.0,0
3130.5195,0.0,0.0,0
3131.4956,0.0,0.0,0
3132.4714,0.0,0.0,0
3133.4473,0.0,0.0,0
3134.423,0.0,0.0,0
3135.399,0.0,0.0,0
3136.3748,0.0,0.0,0
3137.3506,0.0,0.0,0
3138.3264,0.0,0.0,0
3139.3022,0.0,0.0,0
3140.278,0.0,0.0,0
3141.254,0.0,0.0,0
3142.2297,0.0,0.0,0
3143.2056,0.0,0.0,0
3144.1814,0.0,0.0,0
3145.1575,0.0,0.0,0
3146.1333,0.0,0.0,0
3147.1091,0.0,0.0,0
3148.085,0.0,0.0,0
3149.0608,0.0,0.0,0
3150.0366,0.0,0.0,0
3151.0125,0.0,0.0,0
3151.9883,0.0,0.0,0
3152.964,0.0,0.0,0
3153.94,0.0,0.0,0
3154.9158,0.0,0.0,0
3155.8916,0.0,0.0,0
3156.8674,0.0,0.0,0
3157.8433,0.0,0.0,0
3158.8193,0.0,0.0,0
3159.7952,0.0,0.0,0
3160.771,0.0,0.0,0
3161.7468,0.0,0.0,0
3162.7227,0.0,0.0,0
3163.6985,0.0,0.0,0
3164.6743,0.0,0.0,0
3165.6501,0.0,0.0,0
3166.626,0.0,0.0,0
3167.6018,0.0,0.0,0
3168.5776,0.0,0.0,0
3169.5535,0.0,0.0,0
3170.5293,0.0,0.0,0
3171.5051,0.0,0.0,0
3172.4812,0.0,0.0,0
3173.457,0.0,0.0,0
3174.4329,0.0,0.0,0
3175.4087,0.0,0.0,0
3176.3845,0.0,0.0,0
3177.3604,0.0,0.0,0
3178.3362,0.0,0.0,0
3179.312,0.0,0.0,0
3180.2878,0.0,0.0,0
3181.2637,0.0,0.0,0
3182.2395,0.0,0.0,0
3183.2153,0.0,0.0,0
3184.1912,0.0,0.0,0
3185.167,0.0,0.0,0
3186.143,0.0,0.0,0
3187.119,0.0,0.0,0
3188.0947,0.0,0.0,0
3189.0706,0.0,0.0,0
3190.0464,0.0,0.0,0
3191.0222,0.0,0.0,0
3191.998,0.0,0.0,0
3192.9739,0.0,0.0,0
3193.9497,0.0,0.0,0
3194.9255,0.0,0.0,0
3195.9014,0.0,0.0,0
3196.8772,0.0,0.0,0
3197.853,0.0,0.0,0
3198.829,0.0,0.0,0
3199.805,0.0,0.0,0
3200.7808,0.0,0.0,0
3201.7566,0.0,0.0,0
3202.7324,0.0,0.0,0
3203.7083,0.0,0.0,0
3204.684,0.0,0.0,0
3205.66,0.0,0.0,0
3206.6357,0.0,0.0,0
3207.6116,0.0,0.0,0
3208.5874,0.0,0.0,0
3209.5632,0.0,0.0,0
3210.539,0.0,0.0,0
3211.515,0.0,0.0,0
3212.491,0.0,0.0,0
3213.4668,0.0,0.0,0
3214.4426,0.0,0.0,0
3215.4185,0.0,0.0,0
3216.3943,0.0,0.0,0
3217.37,0.0,0.0,0
3218.346,0.0,0.0,0
3219.3218,0.0,0.0,0
3220.2976,0.0,0.0,0
3221.2734,0.0,0.0,0
3222.2493,0.0,0.0,0
3223.225,0.0,0.0,0
3224.201,0.0,0.0,0
3225.1768,0.0,0.0,0
3226.1528,0.0,0.0,0
3227.1287,0.0,0.0,0
3228.1045,0.0,0.0,0
3229.0803,0.0,0.0,0
3230.0562,0.0,0.0,0
3231.032,0.0,0.0,0
3232.0078,0.0,0.0,0
3232.9836,0.0,0.0,0
3233.9595,0.0,0.0,0
3234.9353,0.0,0.0,0
3235.9111,0.0,0.0,0
3236.887,0.0,0.0,0
3237.8628,0.0,0.0,0
3238.8386,0.0,0.0,0
3239.8147,0.0,0.0,0
3240.7905,0.0,0.0,0
3241.7664,0.0,0.0,0
3242.7422,0.0,0.0,0
3243.718,0.0,0.0,0
3244.6938,0.0,0.0,0
3245.6697,0.0,0.0,0
3246.6455,0.0,0.0,0
3247.6213,0.0,0.0,0
3248.5972,0.0,0.0,0
3249.573,0.0,0.0,0
3250.5488,0.0,0.0,0
3251.5247,0.0,0.0,0
3252.5005,0.0,0.0,0
3253.4766,0.0,0.0,0
3254.4524,0.0,0.0,0
3255.4282,0.0,0.0,0
3256.404,0.0,0.0,0
3257.38,0.0,0.0,0
3258.3557,0.0,0.0,0
3259.3315,0.0,0.0,0
3260.3074,0.0,0.0,0
3261.2832,0.0,0.0,0
3262.259,0.0,0.0,0
3263.2349,0.0,0.0,0
3264.2107,0.0,0.0,0
3265.1865,0.0,0.0,0
3266.1626,0.0,0.0,0
3267.1384,0.0,0.0,0
3268.1143,0.0,0.0,0
3269.09,0.0,0.0,0
3270.066,0.0,0.0,0
3271.0417,0.0,0.0,0
3272.0176,0.0,0.0,0
3272.9934,0.0,0.0,0
3273.9692,0.0,0.0,0
3274.945,0.0,0.0,0
3275.921,0.0,0.0,0
3276.8967,0.0,0.0,0
3277.8726,0.0,0.0,0
3278.8484,0.0,0.0,0
3279.8245,0.0,0.0,0
3280.8003,0.0,0.0,0
3281.7761,0.0,0.0,0
3282.752,0.0,0.0,0
3283.7278,0.0,0.0,0
3284.7036,0.0,0.0,0
3285.6794,0.0,0.0,0
3286.6553,0.0,0.0,0
3287.631,0.0,0.0,0
3288.607,0.0,0.0,0
3289.5828,0.0,0.0,0
3290.5586,0.0,0.0,0
3291.5344,0.0,0.0,0
3292.5103,0.0,0.0,0
3293.4863,0.0,0.0,0
3294.4622,0.0,0.0,0
3295.438,0.0,0.0,0
3296.4138,0.0,0.0,0
3297.3896,0.0,0.0,0
3298.3655,0.0,0.0,0
3299.3413,0.0,0.0,0
3300.3171,0.0,0.0,0
3301.293,0.0,0.0,0
3302.2688,0.0,0.0,0
3303.2446,0.0,0.0,0
3304.2205,0.0,0.0,0
3305.1963,0.0,0.0,0
3306.172,0.0,0.0,0
3307.1482,0.0,0.0,0
3308.124,0.0,0.0,0
3309.0999,0.0,0.0,0
3310.0757,0.0,0.0,0
3311.0515,0.0,0.0,0
3312.0273,0.0,0.0,0
3313.0032,0.0,0.0,0
3313.979,0.0,0.0,0
3314.9548,0.0,0.0,0
3315.9307,0.0,0.0,0
3316.9065,0.0,0.0,0
3317.8823,0.0,0.0,0
3318.8582,0.0,0.0,0
3319.834,0.0,0.0,0
3320.81,0.0,0.0,0
3321.786,0.0,0.0,0
3322.7617,0.0,0.0,0
3323.7375,0.0,0.0,0
3324.7134,0.0,0.0,0
3325.6892,0.0,0.0,0
3326.665,0.0,0.0,0
3327.6409,0.0,0.0,0
3328.6167,0.0,0.0,0
3329.5925,0.0,0.0,0
3330.5684,0.0,0.0,0
3331.5442,0.0,0.0,0
3332.52,0.0,0.0,0
3333.496,0.0,0.0,0
3334.472,0.0,0.0,0
3335.4478,0.0,0.0,0
3336.4236,0.0,0.0,0
3337.3994,0.0,0.0,0
3338.3752,0.0,0.0,0
3339.351,0.0,0.0,0
3340.327,0.0,0.0,0
3341.3027,0.0,0.0,0
3342.2786,0.0,0.0,0
3343.2544,0.0,0.0,0
3344.2302,0.0,0.0,0
3345.206,0.0,0.0,0
3346.182,0.0,0.0,0
3347.158,0.0,0.0,0
3348.1338,0.0,0.0,0
3349.1096,0.0,0.0,0
3350.0854,0.0,0.0,0
3351.0613,0.0,0.0,0
3352.037,0.0,0.0,0
3353.013,0.0,0.0,0
3353.9888,0.0,0.0,0
3354.9646,0.0,0.0,0
3355.9404,0.0,0.0,0
3356.9163,0.0,0.0,0
3357.892,0.0,0.0,0
3358.868,0.0,0.0,0
3359.8438,0.0,0.0,0
3360.8198,0.0,0.0,0
3361.7957,0.0,0.0,0
3362.7715,0.0,0.0,0
3363.7473,0.0,0.0,0
3364.7231,0.0,0.0,0
3365.699,0.0,0.0,0
3366.6748,0.0,0.0,0
3367.6506,0.0,0.0,0
3368.6265,0.0,0.0,0
3369.6023,0.0,0.0,0
3370.5781,0.0,0.0,0
3371.554,0.0,0.0,0
3372.5298,0.0,0.0,0
3373.5056,0.0,0.0,0
3374.4817,0.0,0.0,0
3375.4575,0.0,0.0,0
3376.4333,0.0,0.0,0
3377.4092,0.0,0.0,0
3378.385,0.0,0.0,0
3379.3608,0.0,0.0,0
3380.3367,0.0,0.0,0
3381.3125,0.0,0.0,0
3382.2883,0.0,0.0,0
3383.2642,0.0,0.0,0
3384.24,0.0,0.0,0
3385.2158,0.0,0.0,0
3386.1917,0.0,0.0,0
3387.1675,0.0,0.0,0
3388.1436,0.0,0.0,0
3389.1194,0.0,0.0,0
3390.0952,0.0,0.0,0
3391.071,0.0,0.0,0
3392.0469,0.0,0.0,0
3393.0227,0.0,0.0,0
3393.9985,0.0,0.0,0
3394.9744,0.0,0.0,0
3395.9502,0.0,0.0,0
3396.926,0.0,0.0,0
3397.9019,0.0,0.0,0
3398.8777,0.0,0.0,0
3399.8535,0.0,0.0,0
3400.8296,0.0,0.0,0
3401.8054,0.0,0.0,0
3402.7812,0.0,0.0,0
3403.757,0.0,0.0,0
3404.733,0.0,0.0,0
3405.7087,0.0,0.0,0
3406.6846,0.0,0.0,0
3407.6604,0.0,0.0,0
3408.6362,0.0,0.0,0
3409.612,0.0,0.0,0
3410.588,0.0,0.0,0
3411.5637,0.0,0.0,0
3412.5396,0.0,0.0,0
3413.5154,0.0,0.0,0
3414.4915,0.0,0.0,0
3415.4673,0.0,0.0,0
3416.443,0.0,0.0,0
3417.419,0.0,0.0,0
3418.3948,0.0,0.0,0
3419.3706,0.0,0.0,0
3420.3464,0.0,0.0,0
3421.3223,0.0,0.0,0
3422.298,0.0,0.0,0
3423.274,0.0,0.0,0
3424.2498,0.0,0.0,0
3425.2256,0.0,0.0,0
3426.2014,0.0,0.0,0
3427.1772,0.0,0.0,0
3428.1533,0.0,0.0,0
3429.1292,0.0,0.0,0
3430.105,0.0,0.0,0
3431.0808,0.0,0.0,0
3432.0566,0.0,0.0,0
3433.0325,0.0,0.0,0
3434.0083,0.0,0.0,0
3434.9841,0.0,0.0,0
3435.96,0.0,0.0,0
3436.9358,0.0,0.0,0
3437.9116,0.0,0.0,0
3438.8875,0.0,0.0,0
3439.8633,0.0,0.0,0
3440.839,0.0,0.0,0
3441.8152,0.0,0.0,0
3442.791,0.0,0.0,0
3443.7668,0.0,0.0,0
3444.7427,0.0,0.0,0
3445.7185,0.0,0.0,0
3446.6943,0.0,0.0,0
3447.6702,0.0,0.0,0
3448.646,0.0,0.0,0
3449.6218,0.0,0.0,0
3450.5977,0.0,0.0,0
3451.5735,0.0,0.0,0
3452.5493,0.0,0.0,0
3453.5251,0.0,0.0,0
3454.501,0.0,0.0,0
3455.477,0.0,0.0,0
3456.453,0.0,0.0,0
3457.4287,0.0,0.0,0
3458.4045,0.0,0.0,0
3459.3804,0.0,0.0,0
3460.3562,0.0,0.0,0
3461.332,0.0,0.0,0
3462.3079,0.0,0.0,0
3463.2837,0.0,0.0,0
3464.2595,0.0,0.0,0
3465.2354,0.0,0.0,0
3466.2112,0.0,0.0,0
3467.187,0.0,0.0,0
3468.163,0.0,0.0,0
3469.139,0.0,0.0,0
3470.1147,0.0,0.0,0
3471.0906,0.0,0.0,0
3472.0664,0.0,0.0,0
3473.0422,0.0,0.0,0
3474.018,0.0,0.0,0
3474.994,0.0,0.0,0
3475.9697,0.0,0.0,0
3476.9456,0.0,0.0,0
3477.9214,0.0,0.0,0
3478.8972,0.0,0.0,0
3479.873,0.0,0.0,0
3480.8489,0.0,0.0,0
3481.825,0.0,0.0,0
3482.8008,0.0,0.0,0
3483.7766,0.0,0.0,0
3484.7524,0.0,0.0,0
3485.7283,0.0,0.0,0
3486.704,0.0,0.0,0
3487.68,0.0,0.0,0
3488.6558,0.0,0.0,0
3489.6316,0.0,0.0,0
3490.6074,0.0,0.0,0
3491.5833,0.0,0.0,0
3492.559,0.0,0.0,0
3493.535,0.0,0.0,0
3494.5107,0.0,0.0,0
3495.4868,0.0,0.0,0
3496.4626,0.0,0.0,0
3497.4385,0.0,0.0,0
3498.4143,0.0,0.0,0
3499.3901,0.0,0.0,0
3500.366,0.0,0.0,0
3501.3418,0.0,0.0,0
3502.3176,0.0,0.0,0
3503.2935,0.0,0.0,0
3504.2693,0.0,0.0,0
3505.245,0.0,0.0,0
3506.221,0.0,0.0,0
3507.1968,0.0,0.0,0
3508.1726,0.0,0.0,0
3509.1487,0.0,0.0,0
3510.1245,0.0,0.0,0
3511.1003,0.0,0.0,0
3512.0762,0.0,0.0,0
3513.052,0.0,0.0,0
3514.0278,0.0,0.0,0
3515.0037,0.0,0.0,0
3515.9795,0.0,0.0,0
3516.9553,0.0,0.0,0
3517.9312,0.0,0.0,0
3518.907,0.0,0.0,0
3519.8828,0.0,0.0,0
3520.8586,0.0,0.0,0
3521.8345,0.0,0.0,0
3522.8105,0.0,0.0,0
3523.7864,0.0,0.0,0
3524.7622,0.0,0.0,0
3525.738,0.0,0.0,0
3526.7139,0.0,0.0,0
3527.6897,0.0,0.0,0
3528.6655,0.0,0.0,0
3529.6414,0.0,0.0,0
3530.6172,0.0,0.0,0
3531.593,0.0,0.0,0
3532.5688,0.0,0.0,0
3533.5447,0.0,0.0,0
3534.5205,0.0,0.0,0
3535.4966,0.0,0.0,0
3536.4724,0.0,0.0,0
3537.4482,0.0,0.0,0
3538.424,0.0,0.0,0
3539.4,0.0,0.0,0
3540.3757,0.0,0.0,0
3541.3516,0.0,0.0,0
3542.3274,0.0,0.0,0
3543.3032,0.0,0.0,0
3544.279,0.0,0.0,0
3545.255,0.0,0.0,0
3546.2307,0.0,0.0,0
3547.2065,0.0,0.0,0
3548.1824,0.0,0.0,0
3549.1584,0.0,0.0,0
3550.1343,0.0,0.0,0
3551.11,0.0,0.0,0
3552.086,0.0,0.0,0
3553.0618,0.0,0.0,0
3554.0376,0.0,0.0,0
3555.0134,0.0,0.0,0
3555.9893,0.0,0.0,0
3556.965,0.0,0.0,0
3557.941,0.0,0.0,0
3558.9167,0.0,0.0,0
3559.8926,0.0,0.0,0
3560.8684,0.0,0.0,0
3561.8442,0.0,0.0,0
3562.8203,0.0,0.0,0
3563.7961,0.0,0.0,0
3564.772,0.0,0.0,0
3565.7478,0.0,0.0,0
3566.7236,0.0,0.0,0
3567.6995,0.0,0.0,0
3568.6753,0.0,0.0,0
3569.6511,0.0,0.0,0
3570.627,0.0,0.0,0
3571.6028,0.0,0.0,0
3572.5786,0.0,0.0,0
3573.5544,0.0,0.0,0
3574.5303,0.0,0.0,0
3575.506,0.0,0.0,0
3576.4822,0.0,0.0,0
3577.458,0.0,0.0,0
3578.4338,0.0,0.0,0
3579.4097,0.0,0.0,0
3580.3855,0.0,0.0,0
3581.3613,0.0,0.0,0
3582.3372,0.0,0.0,0
3583.313,0.0,0.0,0
3584.2888,0.0,0.0,0
3585.2646,0.0,0.0,0
3586.2405,0.0,0.0,0
3587.2163,0.0,0.0,0
3588.1921,0.0,0.0,0
3589.168,0.0,0.0,0
3590.144,0.0,0.0,0
3591.1199,0.0,0.0,0
3592.0957,0.0,0.0,0
3593.0715,0.0,0.0,0
3594.0474,0.0,0.0,0
3595.0232,0.0,0.0,0
3595.999,0.0,0.0,0
3596.9749,0.0,0.0,0
3597.9507,0.0,0.0,0
3598.9265,0.0,0.0,0
3599.9023,0.0,0.0,0
3600.8782,0.0,0.0,0
3601.854,0.0,0.0,0
3602.83,0.0,0.0,0
3603.806,0.0,0.0,0
3604.7817,0.0,0.0,0
3605.7576,0.0,0.0,0
3606.7334,0.0,0.0,0
3607.7092,0.0,0.0,0
3608.685,0.0,0.0,0
3609.661,0.0,0.0,0
3610.6367,0.0,0.0,0
3611.6125,0.0,0.0,0
3612.5884,0.0,0.0,0
3613.5642,0.0,0.0,0
3614.54,0.0,0.0,0
3615.5159,0.0,0.0,0
3616.492,0.0,0.0,0
3617.4678,0.0,0.0,0
3618.4436,0.0,0.0,0
3619.4194,0.0,0.0,0
3620.3953,0.0,0.0,0
3621.371,0.0,0.0,0
3622.347,0.0,0.0,0
3623.3228,0.0,0.0,0
3624.2986,0.0,0.0,0
3625.2744,0.0,0.0,0
3626.2502,0.0,0.0,0
3627.226,0.0,0.0,0
3628.202,0.0,0.0,0
3629.1777,0.0,0.0,0
3630.1538,0.0,0.0,0
3631.1296,0.0,0.0,0
3632.1055,0.0,0.0,0
3633.0813,0.0,0.0,0
3634.0571,0.0,0.0,0
3635.033,0.0,0.0,0
3636.0088,0.0,0.0,0
3636.9846,0.0,0.0,0
3637.9604,0.0,0.0,0
3638.9363,0.0,0.0,0
3639.912,0.0,0.0,0
3640.888,0.0,0.0,0
3641.8638,0.0,0.0,0
3642.8396,0.0,0.0,0
3643.8157,0.0,0.0,0
3644.7915,0.0,0.0,0
3645.7673,0.0,0.0,0
3646.7432,0.0,0.0,0
3647.719,0.0,0.0,0
3648.6948,0.0,0.0,0
3649.6707,0.0,0.0,0
3650.6465,0.0,0.0,0
3651.6223,0.0,0.0,0
3652.5981,0.0,0.0,0
3653.574,0.0,0.0,0
3654.5498,0.0,0.0,0
3655.5256,0.0,0.0,0
3656.5015,0.0,0.0,0
3657.4775,0.0,0.0,0
3658.4534,0.0,0.0,0
3659.4292,0.0,0.0,0
3660.405,0.0,0.0,0
3661.3809,0.0,0.0,0
3662.3567,0.0,0.0,0
3663.3325,0.0,0.0,0
3664.3083,0.0,0.0,0
3665.2842,0.0,0.0,0
3666.26,0.0,0.0,0
3667.2358,0.0,0.0,0
3668.2117,0.0,0.0,0
3669.1875,0.0,0.0,0
3670.1636,0.0,0.0,0
3671.1394,0.0,0.0,0
3672.1152,0.0,0.0,0
3673.091,0.0,0.0,0
3674.067,0.0,0.0,0
3675.0427,0.0,0.0,0
3676.0186,0.0,0.0,0
3676.9944,0.0,0.0,0
3677.9702,0.0,0.0,0
3678.946,0.0,0.0,0
3679.9219,0.0,0.0,0
3680.8977,0.0,0.0,0
3681.8735,0.0,0.0,0
3682.8494,0.0,0.0,0
3683.8254,0.0,0.0,0
3684.8013,0.0,0.0,0
3685.777,0.0,0.0,0
3686.753,0.0,0.0,0
3687.7288,0.0,0.0,0
3688.7046,0.0,0.0,0
3689.6804,0.0,0.0,0
3690.6562,0.0,0.0,0
3691.632,0.0,0.0,0
3692.608,0.0,0.0,0
3693.5837,0.0,0.0,0
3694.5596,0.0,0.0,0
3695.5354,0.0,0.0,0
3696.5112,0.0,0.0,0
3697.4873,0.0,0.0,0
3698.4631,0.0,0.0,0
3699.439,0.0,0.0,0
3700.4148,0.0,0.0,0
3701.3906,0.0,0.0,0
3702.3665,0.0,0.0,0
3703.3423,0.0,0.0,0
3704.318,0.0,0.0,0
3705.294,0.0,0.0,0
3706.2698,0.0,0.0,0
3707.2456,0.0,0.0,0
3708.2214,0.0,0.0,0
3709.1973,0.0,0.0,0
3710.173,0.0,0.0,0
3711.1492,0.0,0.0,0
3712.125,0.0,0.0,0
3713.1008,0.0,0.0,0
3714.0767,0.0,0.0,0
3715.0525,0.0,0.0,0
3716.0283,0.0,0.0,0
3717.0042,0.0,0.0,0
3717.98,0.0,0.0,0
3718.9558,0.0,0.0,0
3719.9316,0.0,0.0,0
3720.9075,0.0,0.0,0
3721.8833,0.0,0.0,0
3722.8591,0.0,0.0,0
3723.835,0.0,0.0,0
3724.811,0.0,0.0,0
3725.7869,0.0,0.0,0
3726.7627,0.0,0.0,0
3727.7385,0.0,0.0,0
3728.7144,0.0,0.0,0
3729.6902,0.0,0.0,0
3730.666,0.0,0.0,0
3731.6418,0.0,0.0,0
3732.6177,0.0,0.0,0
3733.5935,0.0,0.0,0
3734.5693,0.0,0.0,0
3735.5452,0.0,0.0,0
3736.521,0.0,0.0,0
3737.497,0.0,0.0,0
3738.473,0.0,0.0,0
3739.4487,0.0,0.0,0
3740.4246,0.0,0.0,0
3741.4004,0.0,0.0,0
3742.3762,0.0,0.0,0
3743.352,0.0,0.0,0
3744.328,0.0,0.0,0
3745.3037,0.0,0.0,0
3746.2795,0.0,0.0,0
3747.2554,0.0,0.0,0
3748.2312,0.0,0.0,0
3749.207,0.0,0.0,0
3750.1829,0.0,0.0,0
3751.159,0.0,0.0,0
3752.1348,0.0,0.0,0
3753.1106,0.0,0.0,0
3754.0864,0.0,0.0,0
3755.0623,0.0,0.0,0
3756.038,0.0,0.0,0
3757.014,0.0,0.0,0
3757.9897,0.0,0.0,0
3758.9656,0.0,0.0,0
3759.9414,0.0,0.0,0
3760.9172,0.0,0.0,0
3761.893,0.0,0.0,0
3762.869,0.0,0.0,0
3763.8447,0.0,0.0,0
3764.8208,0.0,0.0,0
3765.7966,0.0,0.0,0
3766.7725,0.0,0.0,0
3767.7483,0.0,0.0,0
3768.724,0.0,0.0,0
3769.7,0.0,0.0,0
3770.6758,0.0,0.0,0
3771.6516,0.0,0.0,0
3772.6274,0.0,0.0,0
3773.6033,0.0,0.0,0
3774.579,0.0,0.0,0
3775.555,0.0,0.0,0
3776.5308,0.0,0.0,0
3777.5066,0.0,0.0,0
3778.4827,0.0,0.0,0
3779.4585,0.0,0.0,0
3780.4343,0.0,0.0,0
3781.4102,0.0,0.0,0
3782.386,0.0,0.0,0
3783.3618,0.0,0.0,0
3784.3376,0.0,0.0,0
3785.3135,0.0,0.0,0
3786.2893,0.0,0.0,0
3787.2651,0.0,0.0,0
3788.241,0.0,0.0,0
3789.2168,0.0,0.0,0
3790.1926,0.0,0.0,0
3791.1685,0.0,0.0,0
3792.1445,0.0,0.0,0
3793.1204,0.0,0.0,0
3794.0962,0.0,0.0,0
3795.072,0.0,0.0,0
3796.0479,0.0,0.0,0
3797.0237,0.0,0.0,0
3797.9995,0.0,0.0,0
3798.9753,0.0,0.0,0
3799.9512,0.0,0.0,0
3800.927,0.0,0.0,0
3801.9028,0.0,0.0,0
3802.8787,0.0,0.0,0
3803.8545,0.0,0.0,0
3804.8306,0.0,0.0,0
3805.8064,0.0,0.0,0
3806.7822,0.0,0.0,0
3807.758,0.0,0.0,0
3808.734,0.0,0.0,0
3809.7097,0.0,0.0,0
3810.6855,0.0,0.0,0
3811.6614,0.0,0.0,0
3812.6372,0.0,0.0,0
3813.613,0.0,0.0,0
3814.5889,0.0,0.0,0
3815.5647,0.0,0.0,0
3816.5405,0.0,0.0,0
3817.5164,0.0,0.0,0
3818.4924,0.0,0.0,0
3819.4683,0.0,0.0,0
3820.444,0.0,0.0,0
3821.42,0.0,0.0,0
3822.3958,0.0,0.0,0
3823.3716,0.0,0.0,0
3824.3474,0.0,0.0,0
3825.3232,0.0,0.0,0
3826.299,0.0,0.0,0
3827.275,0.0,0.0,0
3828.2507,0.0,0.0,0
3829.2266,0.0,0.0,0
3830.2024,0.0,0.0,0
3831.1782,0.0,0.0,0
3832.1543,0.0,0.0,0
3833.1301,0.0,0.0,0
3834.106,0.0,0.0,0
3835.0818,0.0,0.0,0
3836.0576,0.0,0.0,0
3837.0334,0.0,0.0,0
3838.0093,0.0,0.0,0
3838.985,0.0,0.0,0
3839.961,0.0,0.0,0
3840.9368,0.0,0.0,0
3841.9126,0.0,0.0,0
3842.8884,0.0,0.0,0
3843.8643,0.0,0.0,0
3844.84,0.0,0.0,0
3845.8162,0.0,0.0,0
3846.792,0.0,0.0,0
3847.7678,0.0,0.0,0
3848.7437,0.0,0.0,0
3849.7195,0.0,0.0,0
3850.6953,0.0,0.0,0
3851.6711,0.0,0.0,0
3852.647,0.0,0.0,0
3853.6228,0.0,0.0,0
3854.5986,0.0,0.0,0
3855.5745,0.0,0.0,0
3856.5503,0.0,0.0,0
3857.5261,0.0,0.0,0
3858.502,0.0,0.0,0
3859.478,0.0,0.0,0
3860.4539,0.0,0.0,0
3861.4297,0.0,0.0,0
3862.4055,0.0,0.0,0
3863.3813,0.0,0.0,0
3864.3572,0.0,0.0,0
3865.333,0.0,0.0,0
3866.3088,0.0,0.0,0
3867.2847,0.0,0.0,0
3868.2605,0.0,0.0,0
3869.2363,0.0,0.0,0
3870.2122,0.0,0.0,0
3871.188,0.0,0.0,0
3872.164,0.0,0.0,0
3873.14,0.0,0.0,0
3874.1157,0.0,0.0,0
3875.0916,0.0,0.0,0
3876.0674,0.0,0.0,0
3877.0432,0.0,0.0,0
3878.019,0.0,0.0,0
3878.9949,0.0,0.0,0
3879.9707,0.0,0.0,0
3880.9465,0.0,0.0,0
3881.9224,0.0,0.0,0
3882.8982,0.0,0.0,0
3883.874,0.0,0.0,0
3884.8499,0.0,0.0,0
3885.826,0.0,0.0,0
3886.8018,0.0,0.0,0
3887.7776,0.0,0.0,0
3888.7534,0.0,0.0,0
3889.7292,0.0,0.0,0
3890.705,0.0,0.0,0
3891.681,0.0,0.0,0
3892.6567,0.0,0.0,0
3893.6326,0.0,0.0,0
3894.6084,0.0,0.0,0
3895.5842,0.0,0.0,0
3896.56,0.0,0.0,0
3897.536,0.0,0.0,0
3898.5117,0.0,0.0,0
3899.4878,0.0,0.0,0
3900.4636,0.0,0.0,0
3901.4395,0.0,0.0,0
3902.4153,0.0,0.0,0
3903.391,0.0,0.0,0
3904.367,0.0,0.0,0
3905.3428,0.0,0.0,0
3906.3186,0.0,0.0,0
3907.2944,0.0,0.0,0
3908.2703,0.0,0.0,0
3909.246,0.0,0.0,0
3910.222,0.0,0.0,0
3911.1978,0.0,0.0,0
3912.1736,0.0,0.0,0
3913.1497,0.0,0.0,0
3914.1255,0.0,0.0,0
3915.1013,0.0,0.0,0
3916.0771,0.0,0.0,0
3917.053,0.0,0.0,0
3918.0288,0.0,0.0,0
3919.0046,0.0,0.0,0
3919.9805,0.0,0.0,0
3920.9563,0.0,0.0,0
3921.9321,0.0,0.0,0
3922.908,0.0,0.0,0
3923.8838,0.0,0.0,0
3924.8596,0.0,0.0,0
3925.8354,0.0,0.0,0
3926.8115,0.0,0.0,0
3927.7874,0.0,0.0,0
3928.7632,0.0,0.0,0
3929.739,0.0,0.0,0
3930.7148,0.0,0.0,0
3931.6907,0.0,0.0,0
3932.6665,0.0,0.0,0
3933.6423,0.0,0.0,0
3934.6182,0.0,0.0,0
3935.594,0.0,0.0,0
3936.5698,0.0,0.0,0
3937.5457,0.0,0.0,0
3938.5215,0.0,0.0,0
3939.4976,0.0,0.0,0
3940.4734,0.0,0.0,0
3941.4492,0.0,0.0,0
3942.425,0.0,0.0,0
3943.401,0.0,0.0,0
3944.3767,0.0,0.0,0
3945.3525,0.0,0.0,0
3946.3284,0.0,0.0,0
3947.3042,0.0,0.0,0
3948.28,0.0,0.0,0
3949.2559,0.0,0.0,0
3950.2317,0.0,0.0,0
3951.2075,0.0,0.0,0
3952.1833,0.0,0.0,0
3953.1594,0.0,0.0,0
3954.1353,0.0,0.0,0
3955.111,0.0,0.0,0
3956.087,0.0,0.0,0
3957.0627,0.0,0.0,0
3958.0386,0.0,0.0,0
3959.0144,0.0,0.0,0
3959.9902,0.0,0.0,0
3960.966,0.0,0.0,0
3961.942,0.0,0.0,0
3962.9177,0.0,0.0,0
3963.8936,0.0,0.0,0
3964.8694,0.0,0.0,0
3965.8452,0.0,0.0,0
3966.8213,0.0,0.0,0
3967.797,0.0,0.0,0
3968.773,0.0,0.0,0
3969.7488,0.0,0.0,0
3970.7246,0.0,0.0,0
3971.7004,0.0,0.0,0
3972.6763,0.0,0.0,0
3973.652,0.0,0.0,0
3974.628,0.0,0.0,0
3975.6038,0.0,0.0,0
3976.5796,0.0,0.0,0
3977.5554,0.0,0.0,0
3978.5312,0.0,0.0,0
3979.507,0.0,0.0,0
3980.4832,0.0,0.0,0
3981.459,0.0,0.0,0
3982.4348,0.0,0.0,0
3983.4106,0.0,0.0,0
3984.3865,0.0,0.0,0
3985.3623,0.0,0.0,0
3986.3381,0.0,0.0,0
3987.314,0.0,0.0,0
3988.2898,0.0,0.0,0
3989.2656,0.0,0.0,0
3990.2415,0.0,0.0,0
3991.2173,0.0,0.0,0
3992.193,0.0,0.0,0
3993.169,0.0,0.0,0
3994.145,0.0,0.0,0
3995.1208,0.0,0.0,0
3996.0967,0.0,0.0,0
3997.0725,0.0,0.0,0
3998.0483,0.0,0.0,0
3999.0242,0.0,0.0,0
4000.0,0.0,0.0,0
